0 0
4.978931427001953 0.09313033521175385
6.319053649902344 0.12840864062309265
7.703948974609375 0.07861291617155075
9.305476188659668 0.010169570334255695
10.274053573608398 0.10489983856678009
11.46781063079834 0.07246216386556625
12.187145233154297 0.08252570033073425
13.095947265625 0.2635248899459839
14.157488822937012 0.17127425968647003
14.850249290466309 0.18983057141304016
15.899224281311035 0.21041478216648102
16.614980697631836 0.5072548389434814
17.613845825195312 0.3867519199848175
18.267881393432617 0.432693749666214
18.794780731201172 0.4967896342277527
19.42991828918457 0.47107499837875366
19.681453704833984 0.5991874933242798
20.441944122314453 0.5602478384971619
20.628528594970703 0.31730443239212036
21.03357696533203 0.7384312152862549
20.44491958618164 0.9388558864593506
20.18567657470703 0.25105273723602295
19.53588104248047 0.5455126166343689
19.5450496673584 0.7260092496871948
19.73783302307129 0.7840337753295898
20.416290283203125 0.7003061771392822
20.864107131958008 0.8724209070205688
21.717519760131836 0.4894699454307556
21.981740951538086 0.28717997670173645
22.051025390625 0.28083986043930054
21.994524002075195 0.6486868858337402
22.602006912231445 0.23785215616226196
22.546072006225586 0.22141289710998535
22.405080795288086 1.0181492567062378
21.22134017944336 0.9000815153121948
20.89110565185547 -0.07972002774477005
19.762149810791016 0.31160223484039307
19.753440856933594 1.1674416065216064
19.900436401367188 0.7147088050842285
20.290363311767578 0.4589919447898865
20.255300521850586 0.6973242163658142
20.48050308227539 0.6496760845184326
21.00234603881836 0.38877516984939575
21.42308807373047 0.6039613485336304
22.4951171875 0.7515319585800171
23.622241973876953 0.8762223124504089
25.198415756225586 1.1900660991668701
26.249004364013672 1.4446481466293335
27.158205032348633 1.4391623735427856
27.23984146118164 1.5976102352142334
27.229660034179688 1.1876418590545654
27.00091552734375 1.457803726196289
26.977779388427734 1.3199260234832764
26.14129066467285 1.5016908645629883
24.44053077697754 1.7601054906845093
23.99838638305664 0.800746738910675
23.31743621826172 0.35996711254119873
23.613780975341797 0.4967968761920929
23.636144638061523 1.028256893157959
23.76546287536621 0.6266288161277771
23.098976135253906 -0.45324936509132385
22.70482063293457 -0.061158157885074615
22.678565979003906 -0.08717694878578186
23.156824111938477 -0.07264286279678345
22.627952575683594 0.34130778908729553
22.824871063232422 0.06163828819990158
22.497987747192383 0.42210856080055237
23.034719467163086 0.7366526126861572
23.175037384033203 0.2741605043411255
23.500261306762695 0.3520739674568176
22.642513275146484 0.5022148489952087
22.14007568359375 0.6284153461456299
20.681997299194336 0.8526413440704346
20.142169952392578 1.1119847297668457
19.480403900146484 0.9480823874473572
19.662784576416016 0.5084912180900574
19.803447723388672 0.49325433373451233
20.251140594482422 0.6626763939857483
20.989662170410156 0.543797492980957
21.674739837646484 0.31930261850357056
22.244428634643555 0.726715624332428
23.019994735717773 0.962824285030365
24.17905616760254 0.5035926103591919
24.877180099487305 0.5499287843704224
25.021533966064453 1.428314447402954
24.599424362182617 0.8782225251197815
24.509336471557617 0.8184760808944702
24.129680633544922 0.6641415953636169
24.370214462280273 0.9832190275192261
24.96575164794922 0.7388933897018433
25.956947326660156 0.9958915710449219
26.721153259277344 1.0645358562469482
27.414400100708008 1.0763911008834839
28.439403533935547 1.2714146375656128
28.973814010620117 1.2071926593780518
29.77364158630371 1.5452651977539062
30.02367401123047 1.512201189994812
28.936983108520508 1.9200800657272339
28.915987014770508 1.7213236093521118
27.671602249145508 1.258087396621704
27.33905792236328 1.4991559982299805
25.158037185668945 1.4483133554458618
24.020112991333008 0.7054426670074463
21.695789337158203 0.5048022866249084
20.757083892822266 0.4959809184074402
20.216690063476562 0.5707613229751587
20.500463485717773 0.2796369791030884
20.7299747467041 0.17280170321464539
21.002117156982422 0.07765805721282959
21.617891311645508 -0.11565728485584259
22.096416473388672 -0.31654053926467896
22.11663818359375 0.054911382496356964
21.751407623291016 0.4718276262283325
21.521486282348633 0.744939386844635
21.473886489868164 0.45547133684158325
21.323387145996094 0.3738558292388916
21.37347984313965 0.37396207451820374
21.686782836914062 0.22805988788604736
22.339685440063477 1.00474214553833
22.788679122924805 0.9044842720031738
23.9237117767334 0.5601139068603516
24.895404815673828 0.5551201701164246
25.86244773864746 0.5719989538192749
26.525177001953125 0.4875454306602478
26.524024963378906 1.2247458696365356
26.547805786132812 1.8418858051300049
26.415910720825195 0.8324695825576782
25.964275360107422 1.0704731941223145
24.983028411865234 1.0298842191696167
24.205331802368164 2.242672920227051
23.295251846313477 2.0692737102508545
23.281888961791992 1.3532695770263672
22.045001983642578 0.8556196093559265
21.672033309936523 1.0198110342025757
21.46834945678711 0.9649519920349121
21.805627822875977 0.7416926026344299
22.549312591552734 1.2868767976760864
23.78386688232422 1.1030569076538086
25.37542724609375 0.1490078568458557
25.34994888305664 0.3317263126373291
25.821582794189453 0.1607663333415985
25.65365219116211 0.6144808530807495
25.33837127685547 0.13111601769924164
24.69691276550293 0.3571547269821167
24.309650421142578 0.5750390887260437
23.391754150390625 0.4448244273662567
23.64423370361328 0.13777859508991241
23.45938491821289 0.3644944727420807
23.79833984375 1.0061144828796387
23.850677490234375 1.2989490032196045
24.11829376220703 0.6972739100456238
24.028244018554688 0.7031635046005249
24.155723571777344 1.085639476776123
24.028255462646484 1.0973021984100342
23.851144790649414 1.9489550590515137
23.6656436920166 2.1599414348602295
24.421707153320312 0.9214274287223816
24.650020599365234 0.5294085144996643
24.844959259033203 0.5616365671157837
25.088497161865234 0.8658145070075989
25.06405258178711 1.3268558979034424
25.427371978759766 0.9558506011962891
24.680274963378906 -0.24906103312969208
23.222816467285156 -0.022106627002358437
21.616708755493164 0.37915274500846863
20.505096435546875 0.44782155752182007
19.952030181884766 0.8836705684661865
20.104110717773438 0.7601285576820374
20.603450775146484 0.7846812009811401
20.852436065673828 0.6334707736968994
21.124786376953125 0.38244903087615967
21.34383201599121 0.7176254987716675
22.06822967529297 1.0438401699066162
22.493595123291016 1.3357460498809814
22.957408905029297 1.3529891967773438
23.19912338256836 0.6980645060539246
23.643451690673828 0.7835501432418823
22.69272232055664 0.5982401371002197
22.995641708374023 0.8282331824302673
22.824491500854492 1.4044294357299805
23.750652313232422 1.1511462926864624
24.466527938842773 0.6950346827507019
25.341232299804688 -0.1435566544532776
25.444385528564453 0.5365987420082092
26.287229537963867 0.3218371272087097
26.228559494018555 1.198795199394226
26.16961669921875 0.7284292578697205
26.489042282104492 0.3889663517475128
25.442745208740234 0.4996137320995331
24.53456687927246 0.20966064929962158
24.055194854736328 0.3564176559448242
23.679092407226562 1.1109567880630493
23.606693267822266 0.8016363978385925
23.887073516845703 0.5439272522926331
23.714458465576172 0.5849213004112244
23.162765502929688 0.7686407566070557
23.091758728027344 0.7136504650115967
22.673782348632812 1.1173276901245117
22.97640037536621 1.527040719985962
24.10934066772461 1.6139914989471436
25.05776596069336 0.5272408127784729
25.236543655395508 0.6728591918945312
25.128822326660156 0.9583380818367004
24.277034759521484 1.6982107162475586
24.219623565673828 1.11928391456604
23.42266845703125 0.9467959403991699
23.142780303955078 0.9388801455497742
21.653785705566406 0.25725311040878296
21.12909507751465 0.3397221863269806
20.345016479492188 0.7301842570304871
20.829204559326172 0.7582076191902161
21.820114135742188 1.0674861669540405
23.337806701660156 0.9888070225715637
24.734119415283203 1.0473883152008057
25.80758285522461 0.6077101826667786
27.17429542541504 0.7142513394355774
26.28887176513672 1.7210018634796143
26.630796432495117 0.9437835812568665
26.406780242919922 0.8463791608810425
26.678447723388672 0.46553921699523926
24.82082748413086 0.9783307313919067
23.86992835998535 0.8781932592391968
22.317543029785156 0.5811944603919983
22.547164916992188 0.39104923605918884
22.200143814086914 1.0452766418457031
22.396223068237305 0.6153395771980286
22.010278701782227 0.2118988335132599
22.219970703125 0.5841866731643677
22.01168441772461 1.6517868041992188
22.951351165771484 1.2793869972229004
23.955699920654297 1.4572166204452515
24.552959442138672 1.6171492338180542
25.135286331176758 1.1120579242706299
24.94638442993164 1.4377657175064087
24.78886604309082 2.1559815406799316
24.667673110961914 1.7478429079055786
24.583953857421875 1.1203333139419556
24.199182510375977 1.3274610042572021
24.18700408935547 1.121199607849121
23.854705810546875 1.4225196838378906
21.303735733032227 1.1057881116867065
14.977420806884766 0.6731549501419067
10.161737442016602 -0.15480965375900269
4.474964618682861 -0.048028070479631424
0.2602565586566925 0.07069610059261322
-3.8079264163970947 -0.0017634170362725854
-5.725437164306641 -0.21212106943130493
-6.684075355529785 0.030598154291510582
-6.825090408325195 -0.18408691883087158
-5.505324840545654 -0.14997026324272156
