0 0
4.208752155303955 0.09841561317443848
5.344444274902344 0.19770151376724243
6.488122463226318 0.1471281498670578
7.811380863189697 0.05785922706127167
8.597921371459961 0.10928865522146225
9.630803108215332 0.07154043763875961
10.24555778503418 0.011951981112360954
10.972879409790039 0.18945887684822083
11.845580101013184 0.1295400857925415
12.511625289916992 -0.001888219267129898
13.338294982910156 0.262910395860672
14.065070152282715 0.3908725082874298
14.693391799926758 0.2752131521701813
14.836997985839844 0.24051961302757263
15.307103157043457 0.67404705286026
16.07332420349121 0.38840392231941223
16.502180099487305 1.0805737972259521
17.019311904907227 0.9014245271682739
17.42278289794922 0.6530988812446594
17.54583740234375 0.9969995617866516
16.918842315673828 0.8342849016189575
16.731353759765625 0.34905338287353516
16.046554565429688 0.3048573136329651
16.362794876098633 0.8458127379417419
16.72445297241211 1.6740645170211792
16.86528778076172 1.0655111074447632
17.47318458557129 1.216961145401001
18.010990142822266 0.6742238402366638
18.21755599975586 0.6405108571052551
17.91549301147461 0.46390295028686523
17.849367141723633 0.7295222878456116
18.61443519592285 0.37495046854019165
18.45023536682129 0.35625430941581726
18.193267822265625 1.0314302444458008
17.4683837890625 0.609521210193634
17.390241622924805 0.11778991669416428
16.3148193359375 0.586816132068634
16.33026123046875 1.1438087224960327
16.424514770507812 0.8173100352287292
16.49129867553711 0.4779280126094818
16.52951431274414 0.6202974915504456
16.694257736206055 0.4458739757537842
16.914520263671875 0.16507253050804138
17.166458129882812 0.12170832604169846
18.52140235900879 1.2172447443008423
19.391319274902344 1.0007542371749878
20.745512008666992 0.926633358001709
21.035411834716797 1.3472872972488403
22.111984252929688 1.7255312204360962
22.348894119262695 1.2411311864852905
21.939584732055664 0.8269274830818176
21.606643676757812 1.382956624031067
21.89462661743164 0.5119236707687378
20.872434616088867 1.447669506072998
20.41201400756836 1.593214988708496
19.772907257080078 0.8203637599945068
18.733200073242188 0.3434216380119324
19.388395309448242 0.5249657034873962
19.09378433227539 0.9865851998329163
19.198101043701172 0.6224201321601868
19.07083511352539 -0.10922577232122421
18.356712341308594 -0.024759002029895782
18.77599334716797 0.1542534977197647
18.940505981445312 -0.12061623483896255
18.460195541381836 0.5197057127952576
19.15913963317871 0.18442195653915405
18.731788635253906 0.9468158483505249
18.872758865356445 0.5312234163284302
19.218748092651367 0.3032897710800171
19.051441192626953 0.35624030232429504
18.58647918701172 0.5639452338218689
18.13014793395996 0.7106416821479797
16.645099639892578 0.9201621413230896
16.44040870666504 0.9134424924850464
15.593121528625488 1.0231268405914307
16.154678344726562 0.8634909391403198
16.187482833862305 0.7107778787612915
16.658750534057617 1.0468051433563232
17.007518768310547 0.7935583591461182
17.38190269470215 0.6725590825080872
17.79349136352539 0.9360906481742859
18.49873161315918 0.8918054699897766
19.39373016357422 0.769235372543335
19.610597610473633 1.2758673429489136
20.33440399169922 1.1368147134780884
20.166093826293945 0.526429295539856
20.103675842285156 0.8577262163162231
19.806547164916992 0.5667141079902649
20.0206356048584 0.6217442154884338
20.850156784057617 0.5650324821472168
21.50922393798828 0.9038792252540588
22.012718200683594 1.0164786577224731
22.135316848754883 0.88142991065979
22.65345573425293 0.925433874130249
22.222898483276367 1.1265416145324707
23.055965423583984 0.9962686896324158
23.55770492553711 0.9775577783584595
21.5427188873291 1.6217293739318848
23.351608276367188 1.305977463722229
22.597156524658203 0.9920976161956787
22.06966209411621 1.285179615020752
20.087278366088867 1.0961744785308838
19.650440216064453 0.8933120965957642
17.364267349243164 0.15257392823696136
16.7518310546875 0.4499458372592926
16.197036743164062 0.4853495657444
16.550580978393555 0.49666813015937805
16.652442932128906 0.2736377418041229
16.91219139099121 0.47085532546043396
17.708356857299805 0.0437755212187767
18.05714225769043 0.04544568061828613
17.708433151245117 0.19215655326843262
17.607439041137695 0.6727710366249084
17.81005859375 0.9781064391136169
17.412630081176758 0.4844376742839813
17.383432388305664 0.10429753363132477
17.51788330078125 0.4012863039970398
17.7999324798584 0.3208634853363037
17.999971389770508 0.9113144278526306
18.615816116333008 0.9164474010467529
18.53275489807129 0.16096504032611847
20.155982971191406 0.933269739151001
21.095273971557617 0.402391254901886
19.964754104614258 1.4610950946807861
21.57819175720215 1.1047366857528687
21.323726654052734 1.8140560388565063
21.79201316833496 0.956402063369751
21.048290252685547 0.8684076070785522
20.436744689941406 0.8287209868431091
19.81467056274414 2.0099077224731445
18.964414596557617 1.8038817644119263
19.099321365356445 1.3095060586929321
17.538074493408203 0.7511475086212158
17.603946685791016 0.8090829849243164
17.479562759399414 0.9954268336296082
17.904794692993164 0.9873441457748413
18.39581871032715 0.9103971719741821
18.372343063354492 0.9743390083312988
20.715120315551758 0.6779506802558899
20.784433364868164 0.29338017106056213
21.135820388793945 0.3011912405490875
20.716176986694336 0.17716456949710846
20.7430477142334 0.18949005007743835
20.247520446777344 -0.1874244660139084
20.63939666748047 0.6753522157669067
19.17162322998047 0.6356938481330872
19.758697509765625 0.4182818830013275
19.27705192565918 0.48701879382133484
19.749849319458008 1.0955065488815308
19.767744064331055 1.2628569602966309
19.783185958862305 0.4561745822429657
19.660728454589844 0.9259045720100403
20.05440902709961 1.0302495956420898
19.5599365234375 0.9064457416534424
19.821210861206055 1.3218616247177124
19.662837982177734 1.377271294593811
20.220945358276367 1.1034499406814575
20.678720474243164 1.0430854558944702
20.329320907592773 0.5497812032699585
20.600671768188477 0.9299793243408203
20.702943801879883 1.0161097049713135
21.15318489074707 0.3486253023147583
20.129711151123047 -0.4696119427680969
19.345468521118164 0.6087893843650818
18.225610733032227 0.46351417899131775
17.33271598815918 0.4095548391342163
16.729448318481445 0.8712467551231384
16.95834732055664 0.7619112133979797
17.296192169189453 0.5759430527687073
17.36734390258789 0.4452328085899353
17.544919967651367 0.4679233133792877
17.87653923034668 0.5378598570823669
18.376277923583984 1.0476547479629517
18.94911766052246 1.0766390562057495
18.99254608154297 1.2220085859298706
19.0754451751709 0.8014629483222961
19.597747802734375 0.7654851078987122
18.362199783325195 0.6616318225860596
18.84135627746582 1.4125242233276367
18.815797805786133 1.1919517517089844
19.688255310058594 0.944318413734436
20.168954849243164 0.7834882140159607
21.1976318359375 -0.1530822217464447
20.906635284423828 0.33179113268852234
21.784456253051758 0.8360565900802612
21.757448196411133 1.0816479921340942
21.352815628051758 0.8402899503707886
22.380615234375 0.21642723679542542
21.414409637451172 0.6191302537918091
20.397571563720703 0.19186635315418243
19.785337448120117 0.3307367265224457
19.946123123168945 0.9812127947807312
19.406049728393555 0.5522616505622864
19.54181480407715 0.5754718780517578
19.717918395996094 0.4096726179122925
19.255184173583984 0.8172784447669983
19.541948318481445 0.8425439596176147
19.20218276977539 0.8170046210289001
19.38872528076172 1.2700775861740112
20.374021530151367 1.098512053489685
21.040363311767578 1.105046272277832
20.5218448638916 1.0660983324050903
20.7850341796875 1.530108094215393
20.11372184753418 0.8333474397659302
20.407533645629883 0.910609245300293
19.710851669311523 0.8784046173095703
19.017820358276367 0.7276562452316284
17.78661346435547 0.48012083768844604
17.381977081298828 0.49361366033554077
16.772397994995117 0.4901096522808075
17.18177604675293 0.6358503103256226
18.406944274902344 0.9177112579345703
19.307933807373047 0.8572937250137329
20.393260955810547 1.1483522653579712
20.922908782958984 0.616369903087616
22.081546783447266 0.6394447684288025
21.470806121826172 0.8689807653427124
21.768033981323242 1.0331525802612305
21.412200927734375 0.974125862121582
22.303604125976562 1.2874685525894165
19.914628982543945 0.7880838513374329
19.55245590209961 0.8259561657905579
18.0624942779541 0.5629003643989563
17.84239959716797 0.2527686655521393
16.44894027709961 0.6069413423538208
17.295093536376953 0.5156840085983276
18.015840530395508 0.42792534828186035
17.375144958496094 0.25272488594055176
18.2578067779541 2.0385401248931885
18.503738403320312 0.3513204753398895
19.767257690429688 1.7802003622055054
20.491058349609375 1.748518705368042
20.960853576660156 0.8775632977485657
20.213899612426758 1.2676173448562622
20.490520477294922 2.109250545501709
20.587026596069336 1.6620677709579468
20.492502212524414 1.4245625734329224
20.499378204345703 1.4471790790557861
20.647891998291016 1.2943313121795654
20.26399040222168 1.451852798461914
18.048858642578125 1.3278000354766846
12.718548774719238 0.7179341316223145
8.458401679992676 0.4753546416759491
3.858797550201416 -0.13705722987651825
0.26694273948669434 0.12844620645046234
-3.156892776489258 -0.11044835299253464
-4.813549518585205 -0.3493066728115082
-5.6430253982543945 -0.002969695022329688
-5.743767738342285 -0.3643518090248108
-4.682076454162598 -0.22638291120529175
