0 0
4.926760673522949 0.09185361862182617
6.242231369018555 0.12775561213493347
7.612782001495361 0.0778101310133934
9.17922306060791 0.02506021223962307
10.129230499267578 0.10694406926631927
11.317832946777344 0.06285573542118073
12.003434181213379 0.08921024203300476
12.889787673950195 0.23272705078125
13.95587158203125 0.16735833883285522
14.704395294189453 0.17861975729465485
15.664440155029297 0.19576601684093475
16.430091857910156 0.474551796913147
17.374868392944336 0.36589860916137695
17.97311782836914 0.4159488081932068
18.531333923339844 0.4826660752296448
19.13449478149414 0.45423954725265503
19.431921005249023 0.5957980751991272
20.154682159423828 0.5517687201499939
20.311824798583984 0.3310515284538269
20.647136688232422 0.7347937226295471
20.06033706665039 0.8930118083953857
19.788726806640625 0.26915502548217773
19.253639221191406 0.5077896118164062
19.249088287353516 0.6995209455490112
19.44210433959961 0.7454366683959961
20.04998016357422 0.671359121799469
20.553936004638672 0.8363041877746582
21.325231552124023 0.48189908266067505
21.631969451904297 0.28042376041412354
21.586915969848633 0.29426854848861694
21.564525604248047 0.6131603717803955
22.141080856323242 0.24846871197223663
22.036785125732422 0.21347671747207642
21.774898529052734 0.9250718951225281
20.708709716796875 0.8277605772018433
20.385774612426758 0.01648213155567646
19.196975708007812 0.33213305473327637
19.16385841369629 1.0716533660888672
19.262943267822266 0.6716231107711792
19.56114959716797 0.4159450829029083
19.515583038330078 0.6364567279815674
19.74306297302246 0.5595182180404663
20.365081787109375 0.3702943027019501
20.8746337890625 0.5655064582824707
21.96131134033203 0.7398821711540222
23.219013214111328 0.8536680340766907
24.840618133544922 1.1329976320266724
25.89838981628418 1.379091501235962
26.771846771240234 1.40130615234375
27.03091812133789 1.52167809009552
26.992494583129883 1.1317968368530273
26.799570083618164 1.39669668674469
26.754005432128906 1.2524263858795166
25.850942611694336 1.4266618490219116
24.19065284729004 1.6824010610580444
23.657583236694336 0.7827602624893188
23.018728256225586 0.34490352869033813
23.188304901123047 0.4651527404785156
23.137006759643555 0.954932689666748
23.256324768066406 0.5783681869506836
22.567970275878906 -0.33785414695739746
22.278301239013672 -0.045062921941280365
22.190608978271484 -0.04210209473967552
22.60538101196289 -0.03989159315824509
22.141693115234375 0.3436484634876251
22.33576774597168 0.09616121649742126
22.039682388305664 0.4269448518753052
22.48261260986328 0.6680316925048828
22.659568786621094 0.2810625433921814
22.92554473876953 0.31860148906707764
22.23560333251953 0.4873807430267334
21.647977828979492 0.5712670683860779
20.256675720214844 0.8040651679039001
19.699548721313477 0.9900741577148438
19.05952262878418 0.8871639966964722
19.200075149536133 0.49514591693878174
19.303653717041016 0.4843170642852783
19.748388290405273 0.6594772338867188
20.451229095458984 0.527501106262207
21.150928497314453 0.3621084988117218
21.7259521484375 0.7070381045341492
22.585887908935547 0.9059276580810547
23.67390251159668 0.5018787384033203
24.36319923400879 0.5281374454498291
24.63156509399414 1.3310374021530151
24.29761505126953 0.8063775300979614
24.281936645507812 0.7653103470802307
23.875701904296875 0.6352144479751587
24.183408737182617 0.9416857957839966
24.742183685302734 0.697668731212616
25.69524383544922 0.941896915435791
26.402301788330078 1.021193027496338
27.03424644470215 1.0213088989257812
27.945831298828125 1.2205383777618408
28.368953704833984 1.1639869213104248
29.093942642211914 1.4803485870361328
29.32039451599121 1.4233789443969727
28.39407730102539 1.8310816287994385
28.42964744567871 1.658174753189087
27.341567993164062 1.189629077911377
26.942663192749023 1.4224237203598022
24.767885208129883 1.3516440391540527
23.591064453125 0.6533445119857788
21.41819190979004 0.44303765892982483
20.45244026184082 0.4690564274787903
19.859554290771484 0.5295884609222412
20.09739875793457 0.29926249384880066
20.3557071685791 0.17638203501701355
20.618499755859375 0.10122140496969223
21.266830444335938 -0.06919535249471664
21.702077865600586 -0.21415795385837555
21.604782104492188 0.09532704949378967
21.239845275878906 0.45000970363616943
20.993078231811523 0.7122918367385864
20.973773956298828 0.4521603584289551
20.94613265991211 0.3432454764842987
20.917070388793945 0.3611557185649872
21.169832229614258 0.20760908722877502
21.67201042175293 0.900596022605896
22.20237922668457 0.8341550230979919
23.257827758789062 0.4912811815738678
24.281085968017578 0.534237802028656
25.383853912353516 0.5572240352630615
26.092411041259766 0.4924606680870056
26.20119857788086 1.1692688465118408
26.24094581604004 1.7923096418380737
26.12753677368164 0.7845628261566162
25.672794342041016 1.0164941549301147
24.63991928100586 0.9624468684196472
23.666614532470703 2.072711706161499
22.735088348388672 1.8982932567596436
22.58753204345703 1.2846909761428833
21.50571060180664 0.7868557572364807
21.145118713378906 0.9350250959396362
21.002412796020508 0.9102189540863037
21.31158447265625 0.732360303401947
22.13884925842285 1.2223551273345947
23.346981048583984 1.0589252710342407
24.880552291870117 0.23485390841960907
24.917570114135742 0.3006451725959778
25.407155990600586 0.1688687652349472
25.356395721435547 0.5786420106887817
24.98733139038086 0.15876272320747375
24.258691787719727 0.3096662163734436
23.797100067138672 0.5194514989852905
22.91871452331543 0.4351828992366791
23.174362182617188 0.14642368257045746
22.879295349121094 0.3525922894477844
23.167810440063477 0.9718812704086304
23.195531845092773 1.2273545265197754
23.46501350402832 0.6380599141120911
23.52897071838379 0.6737424731254578
23.788482666015625 1.045708179473877
23.704750061035156 1.0147862434387207
23.584535598754883 1.777247667312622
23.38677215576172 1.94145929813385
23.967567443847656 0.8670510053634644
24.251934051513672 0.5226004123687744
24.3929500579834 0.5244985818862915
24.716381072998047 0.8110047578811646
24.718647003173828 1.25176203250885
25.01443099975586 0.8782196640968323
24.177715301513672 -0.17819556593894958
22.688735961914062 0.03388065844774246
21.136676788330078 0.3741815388202667
20.05308723449707 0.4050655961036682
19.499832153320312 0.8494023680686951
19.558807373046875 0.7363525629043579
20.04264259338379 0.7223033905029297
20.21256446838379 0.5858476758003235
20.53827667236328 0.3732105493545532
20.800344467163086 0.643251895904541
21.502235412597656 0.9765998125076294
21.927404403686523 1.238624095916748
22.279029846191406 1.264000654220581
22.321203231811523 0.6466598510742188
22.722272872924805 0.7008215188980103
21.961776733398438 0.5629293918609619
22.46147918701172 0.7903636693954468
22.410301208496094 1.3215632438659668
23.36627197265625 1.0643372535705566
24.06703758239746 0.6669155955314636
24.902976989746094 -0.09230390191078186
25.109813690185547 0.4801816940307617
25.931671142578125 0.2919474244117737
25.926551818847656 1.1415088176727295
25.808513641357422 0.7029232978820801
26.086563110351562 0.36945271492004395
25.099740982055664 0.46746739745140076
24.278945922851562 0.2042388617992401
23.783729553222656 0.33857882022857666
23.44716453552246 1.0675153732299805
23.31495475769043 0.748286783695221
23.5599422454834 0.5218451619148254
23.175548553466797 0.5473126769065857
22.504444122314453 0.7425010204315186
22.502891540527344 0.6608844995498657
22.272363662719727 1.0631836652755737
22.520965576171875 1.4487378597259521
23.581369400024414 1.5394477844238281
24.423524856567383 0.5392338633537292
24.436595916748047 0.672666609287262
24.317914962768555 0.9317274689674377
23.667930603027344 1.592658281326294
23.510940551757812 1.0644481182098389
22.767772674560547 0.8681868314743042
22.425067901611328 0.8601200580596924
21.004741668701172 0.27777594327926636
20.683671951293945 0.3504576086997986
20.074634552001953 0.663363516330719
20.5861759185791 0.7046725749969482
21.568050384521484 1.004997730255127
23.02547836303711 0.946252703666687
24.4401798248291 1.0321252346038818
25.46468162536621 0.5994394421577454
26.51331329345703 0.6705455183982849
25.695863723754883 1.6214280128479004
25.9735164642334 0.857697606086731
26.014244079589844 0.8259227275848389
26.135021209716797 0.4742513597011566
24.37428092956543 0.8959459066390991
23.565853118896484 0.8284707069396973
22.01993179321289 0.5471769571304321
22.22124481201172 0.3557528853416443
21.85649299621582 0.9438959360122681
22.04466438293457 0.5350613594055176
21.61357879638672 0.2449187934398651
21.74005126953125 0.5334305763244629
21.669784545898438 1.6108238697052002
22.521503448486328 1.2117912769317627
23.577219009399414 1.4202700853347778
24.30035972595215 1.585545539855957
24.858266830444336 1.0753650665283203
24.601985931396484 1.368826985359192
24.544620513916016 1.9990499019622803
24.395893096923828 1.652789831161499
24.24055290222168 1.0976979732513428
23.911535263061523 1.2735836505889893
23.8924617767334 1.0625386238098145
23.523303985595703 1.3498538732528687
20.736865997314453 1.0950597524642944
14.757454872131348 0.6479859948158264
9.866772651672363 -0.04874448478221893
4.433907985687256 -0.0840286910533905
0.25708460807800293 0.08736446499824524
-3.6214895248413086 0.005608027335256338
-5.534930229187012 -0.24216793477535248
-6.51076602935791 0.037731148302555084
-6.587841033935547 -0.22094067931175232
-5.346004486083984 -0.13744673132896423
