0 0
3.971574306488037 0.06452646851539612
5.027710914611816 0.16063262522220612
6.112833023071289 0.11243963241577148
7.348924160003662 0.024486025795340538
8.091015815734863 0.06361476331949234
9.06722354888916 0.02000540681183338
9.702256202697754 -0.08232893794775009
10.353586196899414 0.04623375087976456
11.383212089538574 0.11207342892885208
11.93684196472168 0.1109318882226944
12.639517784118652 0.07118979841470718
13.180437088012695 0.33064931631088257
13.785918235778809 0.26364344358444214
13.978955268859863 0.24222080409526825
14.650543212890625 0.774785578250885
15.349091529846191 0.5077603459358215
15.288744926452637 0.8574224710464478
15.955771446228027 0.7644572854042053
16.254125595092773 0.6385678648948669
16.334152221679688 0.8779615163803101
15.824353218078613 0.7462288737297058
15.721170425415039 0.3833690583705902
15.051410675048828 0.3207256495952606
15.278302192687988 0.5908613204956055
15.535663604736328 0.7618750929832458
15.634248733520508 0.7445784211158752
16.238996505737305 1.0903714895248413
16.71219253540039 0.5107892155647278
16.961729049682617 0.3389679491519928
16.402761459350586 0.29745587706565857
16.252695083618164 0.5565475225448608
17.414827346801758 0.23770882189273834
17.196067810058594 0.10890742391347885
17.170015335083008 0.64167720079422
16.27519416809082 0.35074788331985474
16.131813049316406 0.050623513758182526
15.244009017944336 0.41682279109954834
15.295217514038086 0.8367089629173279
15.400299072265625 0.6339102983474731
15.443982124328613 0.3598877787590027
15.580995559692383 0.5327892899513245
15.653040885925293 0.40848326683044434
15.709189414978027 0.316523939371109
16.227624893188477 0.40742823481559753
17.073034286499023 0.9494245052337646
17.805767059326172 0.8935123085975647
19.14375877380371 0.7844207882881165
19.54340362548828 1.2264289855957031
20.354591369628906 1.5060747861862183
20.817707061767578 1.2001211643218994
20.630916595458984 0.8283222317695618
20.465211868286133 0.9217656254768372
20.55663299560547 0.5405006408691406
19.258352279663086 1.1766448020935059
18.661392211914062 1.3057475090026855
18.079044342041016 0.6748288869857788
16.789045333862305 0.28367751836776733
17.829891204833984 0.36188116669654846
17.68246078491211 0.7285593152046204
17.696687698364258 0.4384337067604065
17.308082580566406 -0.16877400875091553
16.717514038085938 -0.07692791521549225
17.40138816833496 0.00828474760055542
17.75812530517578 -0.22444328665733337
17.07346534729004 0.5274143815040588
18.146608352661133 0.12850995361804962
17.557966232299805 0.614031195640564
17.8716983795166 0.4978947937488556
18.244325637817383 0.23628471791744232
17.8535213470459 0.12758107483386993
17.33036994934082 0.49284619092941284
16.99898910522461 0.5273333191871643
15.536706924438477 0.799683690071106
15.458657264709473 0.6860993504524231
14.585952758789062 0.9104210138320923
15.091293334960938 0.8482599258422852
15.162075996398926 0.6463842391967773
15.67305850982666 1.007114052772522
15.957551956176758 0.7533908486366272
16.281574249267578 0.6445740461349487
16.802034378051758 0.8489099144935608
17.542387008666992 0.8016361594200134
18.081539154052734 0.7450864911079407
18.521018981933594 0.9466086030006409
19.22099494934082 1.0437124967575073
18.608919143676758 0.35388267040252686
18.797697067260742 0.6158495545387268
18.478103637695312 0.48102259635925293
18.880868911743164 0.582589864730835
19.48101806640625 0.4650268852710724
20.177541732788086 0.8284087777137756
20.656452178955078 0.9844316244125366
20.745758056640625 0.8154489398002625
21.253150939941406 0.8300172686576843
20.619190216064453 1.0706217288970947
21.340227127075195 0.9132354855537415
22.143596649169922 1.0848623514175415
20.632780075073242 1.5473132133483887
21.748323440551758 1.1320561170578003
21.025156021118164 0.8915147185325623
20.46057891845703 1.1335316896438599
18.466697692871094 0.8866729736328125
18.161090850830078 0.79801344871521
16.060691833496094 0.10273748636245728
15.681224822998047 0.34548598527908325
15.093517303466797 0.49870675802230835
15.565346717834473 0.4972427189350128
15.680416107177734 0.22338594496250153
16.026033401489258 0.19704082608222961
16.7083683013916 -0.27425041794776917
17.0432186126709 -0.1650528609752655
16.93235969543457 0.16117213666439056
16.31971549987793 0.5345800518989563
16.612831115722656 0.7615619897842407
16.021562576293945 0.4442431926727295
15.949348449707031 -0.011257126927375793
15.89975357055664 0.3067074120044708
16.336130142211914 0.25708791613578796
16.407489776611328 0.7233589887619019
17.15814971923828 0.8103383779525757
17.845386505126953 0.39614102244377136
18.512191772460938 0.6991990804672241
19.308319091796875 0.5334373712539673
19.457197189331055 0.9885309338569641
19.718488693237305 1.0432732105255127
19.350460052490234 1.7255014181137085
19.785398483276367 0.6697660684585571
19.110692977905273 0.620651364326477
18.46627426147461 0.6013008952140808
17.8792667388916 1.7410556077957153
17.293201446533203 1.5556358098983765
17.528717041015625 1.2356270551681519
16.427568435668945 0.7748776078224182
16.1204833984375 0.8579915165901184
16.07766342163086 0.7807009220123291
16.154579162597656 0.9833555817604065
16.691890716552734 0.8541142344474792
17.060203552246094 1.0987460613250732
18.528976440429688 0.5805743336677551
18.59371566772461 0.18823112547397614
18.78455924987793 -0.0359075702726841
18.570398330688477 -0.06541664898395538
18.999319076538086 0.15247097611427307
18.281879425048828 -0.2832367420196533
18.166566848754883 0.18067365884780884
17.550003051757812 0.2938964366912842
17.713205337524414 0.27885666489601135
17.120561599731445 0.4017010033130646
17.600183486938477 0.8988617658615112
17.731243133544922 0.9518025517463684
17.59984588623047 0.2374105155467987
17.394805908203125 0.6819614768028259
17.766462326049805 0.8904745578765869
17.322704315185547 0.6626110672950745
17.837242126464844 1.0006687641143799
17.43514633178711 1.1020587682724
17.908994674682617 0.7036243081092834
18.34246826171875 0.9910711050033569
17.876142501831055 0.28568020462989807
18.165250778198242 0.879862368106842
18.427961349487305 0.7711279392242432
19.039182662963867 -0.0864410474896431
18.663822174072266 -0.587554395198822
17.86905860900879 0.21331220865249634
16.878551483154297 0.46955689787864685
15.652568817138672 0.30244946479797363
15.276628494262695 0.8434168696403503
15.236957550048828 0.6732152700424194
16.07511329650879 0.4597901701927185
15.943243980407715 0.3939654231071472
16.24310874938965 0.32862791419029236
16.05837059020996 0.2713240385055542
16.3878116607666 0.776222288608551
17.115957260131836 0.7714918851852417
17.128652572631836 0.9654629826545715
17.21672248840332 0.5554599165916443
17.811038970947266 0.5732675790786743
16.762489318847656 0.5445662140846252
17.612445831298828 0.9272384643554688
17.446779251098633 1.0576467514038086
18.142061233520508 0.7769705653190613
18.39563751220703 0.6055919528007507
19.415170669555664 -0.3783406913280487
19.394350051879883 0.19050319492816925
20.47990608215332 0.31779101490974426
20.0621395111084 0.8224855661392212
19.820331573486328 0.5112670063972473
20.763273239135742 -0.0020333004649728537
20.184350967407227 0.4709097146987915
19.494848251342773 0.1921350210905075
18.277585983276367 0.24876485764980316
18.311603546142578 0.8534573912620544
17.949979782104492 0.3030725419521332
18.57569122314453 0.27994486689567566
18.257579803466797 0.2581520676612854
17.57265853881836 0.5739256143569946
18.189538955688477 0.26148471236228943
17.523212432861328 0.6668304204940796
17.77043914794922 1.1257702112197876
18.599613189697266 0.7904743552207947
19.31385040283203 0.9078683257102966
18.40011978149414 0.6935105323791504
19.049936294555664 0.8687109351158142
18.39740753173828 0.5831460952758789
18.615570068359375 0.6559149622917175
17.679218292236328 0.3580457270145416
17.107744216918945 0.28575026988983154
15.742344856262207 0.3217081129550934
15.500493049621582 0.3214154839515686
15.035500526428223 0.3480730652809143
15.681402206420898 0.45376259088516235
16.954853057861328 0.6906489133834839
17.785898208618164 0.6488566398620605
18.69058609008789 1.05023193359375
19.563907623291016 0.5545325875282288
20.4729061126709 0.4566482901573181
19.85377311706543 0.8276380896568298
20.522048950195312 0.5762763619422913
19.901533126831055 0.9052086472511292
20.444860458374023 1.113844871520996
18.423629760742188 0.6449190974235535
18.16924285888672 0.6612980365753174
16.83547592163086 0.46284231543540955
16.66286849975586 0.1359599083662033
16.08085060119629 0.12362257391214371
16.85186004638672 0.3177427649497986
17.281959533691406 0.5779592990875244
17.407211303710938 0.38081562519073486
17.460660934448242 1.5783716440200806
18.2436466217041 0.6048785448074341
18.8421573638916 1.2379732131958008
19.273488998413086 1.3227332830429077
19.879112243652344 0.8454490303993225
18.91257667541504 1.2747673988342285
19.221847534179688 1.4257384538650513
18.649532318115234 1.4532184600830078
18.593013763427734 1.2598276138305664
18.99378776550293 0.7663512825965881
19.25369644165039 0.9120407700538635
18.850811004638672 0.9527807235717773
16.562223434448242 1.0275049209594727
11.545380592346191 0.5605615973472595
7.62838077545166 0.5392674803733826
3.4840335845947266 -0.18438568711280823
0.22899891436100006 0.12842997908592224
-2.9001567363739014 -0.012392207980155945
-4.3035430908203125 -0.3147600293159485
-5.063140392303467 0.05839747563004494
-5.179973125457764 -0.33092859387397766
-4.2386651039123535 -0.16629765927791595
