0 0
4.956184387207031 0.11460165679454803
6.287511825561523 0.17024371027946472
7.658957004547119 0.12818032503128052
9.248830795288086 0.08941259980201721
10.202310562133789 0.16743707656860352
11.395386695861816 0.1435859054327011
12.102389335632324 0.1605011373758316
12.990882873535156 0.30527448654174805
14.041942596435547 0.23575466871261597
14.790603637695312 0.21649345755577087
15.788982391357422 0.2783718705177307
16.559648513793945 0.5155699253082275
17.52860450744629 0.4211497902870178
18.13341522216797 0.4871333837509155
18.64893913269043 0.5549006462097168
19.276927947998047 0.5388327836990356
19.577251434326172 0.6886066794395447
20.29635238647461 0.635414719581604
20.492189407348633 0.44462186098098755
20.847904205322266 0.9088740348815918
20.26776123046875 1.0610942840576172
20.012317657470703 0.4058365225791931
19.404436111450195 0.6033202409744263
19.43316078186035 0.8287113308906555
19.631988525390625 0.881123423576355
20.267894744873047 0.8008087277412415
20.732376098632812 0.9850912690162659
21.538928985595703 0.6778950691223145
21.81233787536621 0.442549467086792
21.790817260742188 0.4579050540924072
21.750343322753906 0.7453916072845459
22.301738739013672 0.3856784701347351
22.233135223388672 0.36628443002700806
22.004302978515625 1.1560442447662354
20.910133361816406 0.9818797707557678
20.601707458496094 0.1378065049648285
19.43741798400879 0.4873323440551758
19.405370712280273 1.2489478588104248
19.53174591064453 0.8525092601776123
19.833839416503906 0.5778634548187256
19.787689208984375 0.829622745513916
20.0367431640625 0.7471728324890137
20.62632179260254 0.4801747798919678
21.116107940673828 0.6803278923034668
22.313385009765625 0.9283257126808167
23.479583740234375 0.9769951105117798
25.090309143066406 1.2322862148284912
26.094017028808594 1.4728827476501465
27.012258529663086 1.593515157699585
27.169145584106445 1.624907374382019
27.14366912841797 1.2422053813934326
26.904178619384766 1.4581960439682007
26.875741958618164 1.2875087261199951
25.995216369628906 1.574515461921692
24.346887588500977 1.8286383152008057
23.862064361572266 0.9166354537010193
23.218868255615234 0.3975943326950073
23.4310302734375 0.579795241355896
23.393569946289062 1.1275920867919922
23.4970703125 0.7434385418891907
22.834192276000977 -0.22244730591773987
22.48977279663086 0.006650701630860567
22.42510223388672 0.027790460735559464
22.876251220703125 0.06625216454267502
22.381954193115234 0.42486241459846497
22.56754493713379 0.23408719897270203
22.272977828979492 0.5537283420562744
22.699787139892578 0.8578037023544312
22.850860595703125 0.4314401149749756
23.165679931640625 0.5176631212234497
22.42359733581543 0.5821910500526428
21.86417007446289 0.7201374769210815
20.462923049926758 0.9616907238960266
19.897825241088867 1.183282494544983
19.243982315063477 1.014784574508667
19.408464431762695 0.6534802913665771
19.522632598876953 0.631759762763977
19.97393035888672 0.7888816595077515
20.642406463623047 0.6580188274383545
21.340892791748047 0.4791034162044525
21.888877868652344 0.8266280293464661
22.71804428100586 1.0324764251708984
23.85784339904785 0.6111669540405273
24.55178451538086 0.6979038715362549
24.790767669677734 1.4766234159469604
24.453460693359375 0.9341250658035278
24.38616943359375 0.8658390045166016
24.001218795776367 0.7439500689506531
24.287601470947266 1.021600365638733
24.870393753051758 0.765155553817749
25.835063934326172 1.0466530323028564
26.541587829589844 1.110433578491211
27.182518005371094 1.0808073282241821
28.13780403137207 1.2780463695526123
28.588918685913086 1.255478858947754
29.37373924255371 1.5222887992858887
29.56239128112793 1.5165917873382568
28.55585479736328 1.9379637241363525
28.664669036865234 1.7300900220870972
27.496854782104492 1.2528400421142578
27.135379791259766 1.539491891860962
24.935550689697266 1.475050687789917
23.763916015625 0.8417225480079651
21.535770416259766 0.5096611380577087
20.58236312866211 0.5586186051368713
20.04815101623535 0.596324622631073
20.291336059570312 0.42162758111953735
20.524635314941406 0.27712079882621765
20.77979278564453 0.2015388309955597
21.42784881591797 0.05100364610552788
21.848827362060547 -0.09619711339473724
21.767627716064453 0.213821142911911
21.47618865966797 0.6007550954818726
21.302692413330078 0.9030364751815796
21.22635269165039 0.5936349630355835
21.15120506286621 0.4468616843223572
21.200206756591797 0.47467106580734253
21.486751556396484 0.3761477470397949
22.02835464477539 1.1193408966064453
22.560009002685547 1.0261255502700806
23.486705780029297 0.6285772323608398
24.631919860839844 0.6645426750183105
25.694957733154297 0.6418437957763672
26.252784729003906 0.5698705911636353
26.406078338623047 1.2718918323516846
26.42931365966797 1.89274263381958
26.290695190429688 0.9110625982284546
25.8181209564209 1.0974187850952148
24.814838409423828 1.1184484958648682
23.911556243896484 2.314572334289551
23.028738021850586 2.1208150386810303
22.988765716552734 1.4681587219238281
21.767169952392578 0.902777373790741
21.441261291503906 1.0558117628097534
21.28917694091797 1.084857702255249
21.615798950195312 0.8564355373382568
22.376914978027344 1.3571938276290894
23.57074737548828 1.2347893714904785
25.205455780029297 0.43176308274269104
25.227954864501953 0.41027164459228516
25.694225311279297 0.34149259328842163
25.560243606567383 0.6287662982940674
25.222511291503906 0.268818199634552
24.497386932373047 0.41317206621170044
24.120346069335938 0.7205936908721924
23.119956970214844 0.5053898096084595
23.441017150878906 0.2327234447002411
23.23778533935547 0.4213384687900543
23.632993698120117 1.147890329360962
23.683338165283203 1.4597792625427246
23.946516036987305 0.8023298978805542
23.909982681274414 0.8353860378265381
24.08053970336914 1.1559357643127441
23.927349090576172 1.144042730331421
23.7917423248291 1.9243390560150146
23.605886459350586 2.1107687950134277
24.238861083984375 1.0893052816390991
24.522663116455078 0.6552430391311646
24.677453994750977 0.6844933032989502
24.99795913696289 0.9042873382568359
24.991518020629883 1.3718035221099854
25.319494247436523 1.0367751121520996
24.432029724121094 0.027270382270216942
22.882566452026367 0.20150744915008545
21.370685577392578 0.517457127571106
20.331756591796875 0.5224848389625549
19.721248626708984 0.9808405637741089
19.912633895874023 0.8714914321899414
20.404109954833984 0.8995060920715332
20.620960235595703 0.8000303506851196
20.93436622619629 0.5910682678222656
21.202638626098633 0.8334408402442932
21.892784118652344 1.2100921869277954
22.301965713500977 1.4341974258422852
22.66649627685547 1.4869840145111084
22.829837799072266 0.890580415725708
23.34620475769043 0.9932546615600586
22.41583824157715 0.7145258784294128
22.785072326660156 0.9414433836936951
22.662765502929688 1.441157341003418
23.614952087402344 1.2851941585540771
24.33124542236328 0.8447308540344238
25.185911178588867 0.11173515021800995
25.304555892944336 0.6236644983291626
26.1368465423584 0.48829615116119385
26.133228302001953 1.2361860275268555
26.009876251220703 0.8338698148727417
26.314605712890625 0.50749272108078
25.31997299194336 0.5930572152137756
24.429771423339844 0.2844185531139374
23.92313003540039 0.4127638339996338
23.591529846191406 1.1348230838775635
23.469234466552734 0.8854668736457825
23.724645614624023 0.6448729634284973
23.45386505126953 0.7037010192871094
22.90941047668457 0.9310064315795898
22.86257553100586 0.8379875421524048
22.545246124267578 1.1224274635314941
22.8169002532959 1.5643749237060547
23.950971603393555 1.6626226902008057
24.78082275390625 0.6443654894828796
24.859506607055664 0.8506823182106018
24.72565460205078 1.198775053024292
24.004924774169922 1.7023639678955078
23.95869255065918 1.2236567735671997
23.2999324798584 1.0996899604797363
22.888689041137695 1.0969936847686768
21.50806427001953 0.4778674840927124
21.010393142700195 0.5658206343650818
20.276939392089844 0.810452938079834
20.73727035522461 0.8717013597488403
21.746017456054688 1.186161994934082
23.189117431640625 1.0897362232208252
24.561532974243164 1.1233100891113281
25.594436645507812 0.6620198488235474
26.691171646118164 0.8451206088066101
25.895254135131836 1.7205045223236084
26.222583770751953 1.0361254215240479
26.143306732177734 0.8736302852630615
26.364818572998047 0.6065893769264221
24.522472381591797 1.0129365921020508
23.693180084228516 0.9319617748260498
22.130910873413086 0.6190764904022217
22.338743209838867 0.44414299726486206
21.924571990966797 1.0321391820907593
22.092586517333984 0.6282487511634827
21.66461944580078 0.31006520986557007
21.764827728271484 0.588444709777832
21.74819564819336 1.6793922185897827
22.564102172851562 1.2671353816986084
23.686199188232422 1.5399696826934814
24.399654388427734 1.6127628087997437
24.971813201904297 1.115874171257019
24.726682662963867 1.4366023540496826
24.65787696838379 2.2073974609375
24.573158264160156 1.7493467330932617
24.472148895263672 1.1946980953216553
24.086994171142578 1.3483619689941406
24.07754135131836 1.1257610321044922
23.708934783935547 1.4806013107299805
21.10381317138672 1.3245104551315308
14.88943099975586 0.6685192584991455
10.021764755249023 0.0010985962580889463
4.465066432952881 -0.08204741775989532
0.26803505420684814 0.10155259072780609
-3.7188918590545654 -0.10197672992944717
-5.670190811157227 -0.29720091819763184
-6.631028652191162 -0.020571468397974968
-6.748915195465088 -0.3010002374649048
-5.469593524932861 -0.21159064769744873
