0 0
4.978931427001953 0.09313033521175385
6.319005489349365 0.126185804605484
7.704455375671387 0.07267066836357117
9.304780006408691 -0.0035498770885169506
10.273493766784668 0.08704321086406708
11.466852188110352 0.04578947275876999
12.184452056884766 0.053386326879262924
13.098953247070312 0.23293977975845337
14.166465759277344 0.13475942611694336
14.863741874694824 0.16585388779640198
15.919347763061523 0.15857556462287903
16.634435653686523 0.47190341353416443
17.652446746826172 0.3348870873451233
18.309226989746094 0.38272082805633545
18.84843635559082 0.43554872274398804
19.50319480895996 0.39412209391593933
19.735395431518555 0.5425822734832764
20.501781463623047 0.5012929439544678
20.671247482299805 0.25095298886299133
21.110584259033203 0.6595841646194458
20.499788284301758 0.8536068201065063
20.241695404052734 0.15798386931419373
19.568613052368164 0.4841877222061157
19.594358444213867 0.6657745838165283
19.794452667236328 0.7229647636413574
20.462848663330078 0.6350758671760559
20.9677734375 0.8111194372177124
21.84512710571289 0.40594878792762756
22.116512298583984 0.2167813777923584
22.160146713256836 0.18976014852523804
22.07506561279297 0.5788258910179138
22.659360885620117 0.14011119306087494
22.593578338623047 0.12305222451686859
22.464157104492188 0.8859131932258606
21.33430290222168 0.8075083494186401
21.122570037841797 -0.20802804827690125
19.868009567260742 0.20052585005760193
19.83395767211914 1.0450555086135864
19.981945037841797 0.5933319330215454
20.378463745117188 0.3260282278060913
20.330171585083008 0.5586498975753784
20.549514770507812 0.5052024126052856
21.10544204711914 0.26732105016708374
21.49850082397461 0.5057481527328491
22.5737247467041 0.6395906209945679
23.695363998413086 0.7751065492630005
25.265071868896484 1.1090879440307617
26.300010681152344 1.3634071350097656
27.21924591064453 1.3029069900512695
27.274742126464844 1.5052595138549805
27.26295280456543 1.0904903411865234
27.044113159179688 1.400881290435791
27.012676239013672 1.2590620517730713
26.19936752319336 1.4092562198638916
24.438884735107422 1.6717288494110107
24.04315185546875 0.7114717960357666
23.339969635009766 0.31095045804977417
23.657344818115234 0.4198939800262451
23.707693099975586 0.9262225031852722
23.89446449279785 0.5248773694038391
23.193195343017578 -0.5603315830230713
22.834043502807617 -0.12332497537136078
22.788684844970703 -0.16151170432567596
23.26051902770996 -0.19630274176597595
22.720355987548828 0.26302051544189453
22.949539184570312 -0.09201207011938095
22.612215042114258 0.3102094233036041
23.20623016357422 0.5686035752296448
23.323787689208984 0.1317223310470581
23.62592887878418 0.1846861094236374
22.72256851196289 0.40615591406822205
22.25665283203125 0.5000680685043335
20.779603958129883 0.7136493921279907
20.277036666870117 0.921131432056427
19.589313507080078 0.7828016877174377
19.7842960357666 0.31439074873924255
19.9290771484375 0.29254114627838135
20.358112335205078 0.511568546295166
21.123781204223633 0.37291163206100464
21.777015686035156 0.13912659883499146
22.30211639404297 0.5710069537162781
23.068206787109375 0.8054107427597046
24.21006965637207 0.32395637035369873
24.915002822875977 0.33052054047584534
25.0693416595459 1.2565178871154785
24.63365364074707 0.7143738865852356
24.5811767578125 0.6812756061553955
24.210731506347656 0.5244978666305542
24.464561462402344 0.8720892667770386
25.091760635375977 0.6412165760993958
26.1083984375 0.8658841252326965
26.88383674621582 0.9273278713226318
27.504520416259766 0.9523524045944214
28.482730865478516 1.1729806661605835
28.91908836364746 1.0582051277160645
29.758665084838867 1.4646860361099243
29.96076011657715 1.361459732055664
28.935928344726562 1.8047797679901123
28.887699127197266 1.57257878780365
27.68291473388672 1.1207242012023926
27.433439254760742 1.3153808116912842
25.248279571533203 1.2595441341400146
24.284597396850586 0.450989693403244
21.911766052246094 0.342287540435791
20.94228744506836 0.2829533815383911
20.337203979492188 0.3588629961013794
20.672161102294922 0.002924052532762289
20.8742618560791 -0.07769700884819031
21.129104614257812 -0.19850102066993713
21.731731414794922 -0.41870349645614624
22.182048797607422 -0.5905930995941162
22.198211669921875 -0.2453395426273346
21.74382781982422 0.18422511219978333
21.5244140625 0.48524272441864014
21.538984298706055 0.26099058985710144
21.427410125732422 0.21259398758411407
21.55011749267578 0.22156904637813568
21.822664260864258 -0.0258503220975399
22.486454010009766 0.731768786907196
22.915327072143555 0.6454852223396301
24.09902572631836 0.3211889863014221
24.99744987487793 0.3634602725505829
25.93524932861328 0.43836432695388794
26.574350357055664 0.36110395193099976
26.52301025390625 1.0396013259887695
26.573406219482422 1.7238361835479736
26.45596694946289 0.6890965104103088
26.048702239990234 0.9564810991287231
25.057600021362305 0.8691149353981018
24.251686096191406 2.031310558319092
23.33624267578125 1.840696930885315
23.37967300415039 1.130603313446045
22.157333374023438 0.7068596482276917
21.748809814453125 0.8322362899780273
21.538814544677734 0.8066854476928711
21.877111434936523 0.594596266746521
22.609004974365234 1.1411209106445312
23.893795013427734 0.9347155094146729
25.499738693237305 -0.06647193431854248
25.432453155517578 0.21959665417671204
25.89386749267578 -0.0034201503731310368
25.704978942871094 0.5461755990982056
25.42273712158203 0.009972380474209785
24.887537002563477 0.21447938680648804
24.59548568725586 0.4483301341533661
23.714099884033203 0.3684989809989929
23.87808609008789 0.06587329506874084
23.58434295654297 0.2786811590194702
23.897581100463867 0.8626482486724854
23.93657684326172 1.1724956035614014
24.181541442871094 0.5870225429534912
24.08586883544922 0.603826642036438
24.21953010559082 0.9957839250564575
24.09220314025879 0.9813976287841797
23.891780853271484 1.8228638172149658
23.698087692260742 2.021846294403076
24.49557876586914 0.804975688457489
24.721540451049805 0.44941145181655884
24.909170150756836 0.4823034703731537
25.108095169067383 0.7854586243629456
25.080862045288086 1.2437241077423096
25.491382598876953 0.836459219455719
24.71578025817871 -0.4145776033401489
23.224853515625 -0.18596592545509338
21.625123977661133 0.23998156189918518
20.5262508392334 0.33266574144363403
20.030527114868164 0.7738261222839355
20.18613052368164 0.6462993025779724
20.700607299804688 0.6549293994903564
20.970306396484375 0.4752380847930908
21.234512329101562 0.19769608974456787
21.463909149169922 0.5769044160842896
22.22930908203125 0.8818138837814331
22.701955795288086 1.1707290410995483
23.19970703125 1.1784615516662598
23.34663963317871 0.4881253242492676
23.734516143798828 0.5337663292884827
22.740982055664062 0.4411243796348572
23.060911178588867 0.6695573925971985
22.87616729736328 1.263427495956421
23.820404052734375 0.9355836510658264
24.55948257446289 0.5391530990600586
25.457231521606445 -0.3555589020252228
25.563861846923828 0.3923390507698059
26.418712615966797 0.057067349553108215
26.302593231201172 1.056536078453064
26.254432678222656 0.5648198127746582
26.571208953857422 0.18098601698875427
25.505992889404297 0.34784895181655884
24.589614868164062 0.06507834792137146
24.11420440673828 0.2155226171016693
23.74688148498535 0.9664342999458313
23.732271194458008 0.6490136981010437
24.022422790527344 0.42404302954673767
23.881364822387695 0.41030824184417725
23.245973587036133 0.5870972871780396
23.17217445373535 0.552536129951477
22.712026596069336 1.0283260345458984
23.009628295898438 1.4067524671554565
24.21778678894043 1.528394103050232
25.360660552978516 0.41039934754371643
25.674583435058594 0.5412792563438416
25.447559356689453 0.7678700685501099
24.399206161499023 1.6293437480926514
24.336952209472656 0.9671574234962463
23.49606704711914 0.8176494836807251
23.223268508911133 0.7895906567573547
21.71779441833496 0.08532939851284027
21.189023971557617 0.15950854122638702
20.396474838256836 0.6029626131057739
20.888267517089844 0.6218387484550476
21.8680419921875 0.9000548124313354
23.399402618408203 0.8409453630447388
24.863554000854492 0.9549852609634399
26.037961959838867 0.5380752682685852
27.37765884399414 0.5054064989089966
26.402721405029297 1.5895614624023438
26.728458404541016 0.7037571668624878
26.574533462524414 0.7657206654548645
26.86722755432129 0.2322620302438736
24.936697006225586 0.7801564931869507
24.00992202758789 0.6601489186286926
22.405900955200195 0.41867905855178833
22.641616821289062 0.13249728083610535
22.352527618408203 0.8747239708900452
22.541553497314453 0.39817091822624207
22.08207130432129 -0.02700069546699524
22.294607162475586 0.3286038637161255
22.067543029785156 1.4973978996276855
22.999170303344727 1.0435371398925781
24.131053924560547 1.2798248529434204
24.710018157958984 1.5535889863967896
25.291637420654297 1.0159790515899658
25.081953048706055 1.2783713340759277
24.88302993774414 1.943938136100769
24.774646759033203 1.5785682201385498
24.740480422973633 0.9898443818092346
24.32625389099121 1.2680281400680542
24.321680068969727 0.9957944750785828
24.004383087158203 1.3121310472488403
21.495588302612305 0.8846080303192139
15.05166244506836 0.6711757183074951
10.251294136047363 -0.21015504002571106
4.479999542236328 -0.027786148712038994
0.2536868155002594 0.05358154699206352
-3.828444004058838 0.06728202849626541
-5.752782821655273 -0.1634691208600998
-6.716443061828613 0.07741197198629379
-6.8711113929748535 -0.12702101469039917
-5.520834445953369 -0.09514743089675903
