0 0
5.028079032897949 0.12458614259958267
6.389247417449951 0.18434126675128937
7.802883148193359 0.14642086625099182
9.414398193359375 0.11003275960683823
10.392669677734375 0.18822434544563293
11.624855041503906 0.1736907809972763
12.339768409729004 0.19003379344940186
13.256356239318848 0.34423354268074036
14.343986511230469 0.2833581268787384
15.069528579711914 0.2636323869228363
16.142858505249023 0.3150597810745239
16.880735397338867 0.5538063645362854
17.954792022705078 0.45922887325286865
18.547466278076172 0.5975885391235352
19.013935089111328 0.592605471611023
19.720287322998047 0.5094618201255798
20.274120330810547 1.010816216468811
20.778573989868164 0.7083373665809631
21.103286743164062 0.4614298939704895
21.535634994506836 1.020355224609375
20.895410537719727 1.2013237476348877
20.5524845123291 0.4564058482646942
19.927684783935547 0.7047542929649353
19.921916961669922 0.9149705171585083
20.14133071899414 0.9727100729942322
20.76287078857422 0.8770712018013
21.365142822265625 1.0847220420837402
22.25400161743164 0.7813887596130371
22.468402862548828 0.5103557705879211
22.449901580810547 0.5203173160552979
22.371646881103516 0.8562754988670349
23.032297134399414 0.4576042890548706
22.90900421142578 0.4520851969718933
22.54876708984375 1.3501375913619995
21.34701919555664 1.1036171913146973
21.49802017211914 0.12217755615711212
19.954757690429688 0.6121481657028198
20.05653190612793 1.3470818996429443
20.066871643066406 0.9905608892440796
20.425067901611328 0.6834630370140076
20.304195404052734 0.9465749263763428
20.532222747802734 0.9106100797653198
21.08968734741211 0.44636452198028564
21.325963973999023 0.6324160099029541
22.58533477783203 0.9482020735740662
23.80583381652832 1.024428129196167
25.46525001525879 1.3144512176513672
26.45503807067871 1.645796537399292
27.53126335144043 1.744631052017212
27.642873764038086 1.754638671875
27.650930404663086 1.3509889841079712
27.22245216369629 1.499678373336792
27.317153930664062 1.2468663454055786
26.192157745361328 1.6741057634353638
25.040695190429688 1.9301719665527344
24.48921775817871 0.9959883689880371
23.653846740722656 0.490556925535202
24.169464111328125 0.6965715885162354
24.065752029418945 1.2680816650390625
24.20076560974121 0.8931379914283752
23.497652053833008 -0.2488710582256317
22.948333740234375 0.03123941458761692
22.988265991210938 0.02388191968202591
23.46270751953125 0.11116811633110046
22.978729248046875 0.4638199806213379
23.203777313232422 0.2678264379501343
22.86342430114746 0.6122789978981018
23.425081253051758 1.0114340782165527
23.57723617553711 0.49327552318573
23.819705963134766 0.5913621783256531
22.972457885742188 0.647144079208374
22.445287704467773 0.8337326049804688
20.970298767089844 1.068819522857666
20.50840187072754 1.3148025274276733
19.73352813720703 1.1086382865905762
19.885108947753906 0.7347639203071594
20.039012908935547 0.7073050737380981
20.4525203704834 0.8637478351593018
21.17807388305664 0.7392880320549011
21.81134605407715 0.5120543837547302
22.361282348632812 0.8850166201591492
23.165973663330078 1.1052882671356201
24.250240325927734 0.6908935308456421
24.97986602783203 0.8037014603614807
25.215402603149414 1.6103533506393433
24.71604347229004 0.9809901714324951
24.885509490966797 0.9537679553031921
24.46143913269043 0.8066420555114746
24.77106285095215 1.087282657623291
25.511451721191406 0.8295012712478638
26.515260696411133 1.1186552047729492
27.256999969482422 1.172029972076416
27.918983459472656 1.0994549989700317
28.72182846069336 1.2679085731506348
28.55232810974121 1.373896598815918
29.772008895874023 1.5157673358917236
29.97467613220215 1.595107078552246
27.540409088134766 1.9904026985168457
29.05057144165039 1.6751596927642822
28.005882263183594 1.266140341758728
27.655704498291016 1.6501926183700562
25.320133209228516 1.5685036182403564
24.401865005493164 0.9454097747802734
22.031551361083984 0.5943944454193115
21.105981826782227 0.6712059378623962
20.436071395874023 0.5989294648170471
20.923072814941406 0.4530726373195648
21.085447311401367 0.33656901121139526
21.249156951904297 0.17192575335502625
22.026931762695312 0.0547204315662384
22.420978546142578 -0.1495010405778885
22.512134552001953 0.24001123011112213
22.097179412841797 0.7136132717132568
21.954513549804688 1.0104459524154663
21.908971786499023 0.6780229210853577
21.609161376953125 0.4714822471141815
21.83074951171875 0.5443265438079834
22.133638381958008 0.4756251871585846
22.60112190246582 1.1964741945266724
23.09600830078125 1.1155234575271606
23.900043487548828 0.60160893201828
25.135650634765625 0.7509199380874634
26.193159103393555 0.6951238512992859
25.565092086791992 1.7904633283615112
27.138168334960938 1.3853514194488525
27.018672943115234 2.0309460163116455
27.046295166015625 1.0041011571884155
26.525066375732422 1.1268147230148315
25.510963439941406 1.0980013608932495
24.713743209838867 2.430903911590576
23.783475875854492 2.253365993499756
23.68589210510254 1.5991151332855225
22.03409194946289 1.11247718334198
22.104534149169922 1.1172014474868774
21.798873901367188 1.192886471748352
22.435880661010742 0.9321520328521729
23.01006317138672 1.4799622297286987
23.632993698120117 1.2655529975891113
26.057767868041992 0.44000616669654846
26.010051727294922 0.505707859992981
26.553279876708984 0.35788366198539734
26.164508819580078 0.6171402335166931
25.900026321411133 0.25648602843284607
25.257221221923828 0.3692398965358734
25.183565139770508 0.985008955001831
23.782588958740234 0.5680344700813293
24.205656051635742 0.2848932147026062
23.895938873291016 0.5004696249961853
24.25497055053711 1.2058789730072021
24.289901733398438 1.6196000576019287
24.626876831054688 0.9165871739387512
24.358078002929688 0.9095466136932373
24.602415084838867 1.210129737854004
24.463428497314453 1.189716100692749
24.373764038085938 2.0106794834136963
24.27458381652832 2.2629237174987793
25.0510311126709 1.2772409915924072
25.363117218017578 0.7400619983673096
25.38208770751953 0.8030458092689514
25.783966064453125 1.0451946258544922
25.60391616821289 1.5281636714935303
26.068010330200195 1.1353057622909546
25.305822372436523 0.08201215416193008
23.6658878326416 0.2643205523490906
21.99346160888672 0.602535605430603
21.03157615661621 0.5084940791130066
20.268327713012695 1.3322747945785522
20.732892990112305 0.8216300010681152
21.072105407714844 1.1077896356582642
21.49797248840332 0.9577109813690186
21.612871170043945 0.7059630155563354
21.949478149414062 0.9616103768348694
22.70674705505371 1.3746401071548462
23.004846572875977 1.5772475004196167
23.409528732299805 1.624202847480774
23.42511749267578 1.0167227983474731
23.792802810668945 1.0983415842056274
22.903532028198242 0.8274513483047485
23.237688064575195 1.017843246459961
23.18596649169922 1.531248688697815
24.17700958251953 1.4336127042770386
24.87680435180664 0.9341742396354675
25.747804641723633 0.14252778887748718
25.837312698364258 0.7339960932731628
26.58349609375 0.5570956468582153
26.57185173034668 1.2606754302978516
26.452930450439453 0.9202110171318054
27.081138610839844 0.6019657254219055
25.951059341430664 0.6489763259887695
24.9296932220459 0.22973594069480896
24.57709503173828 0.5134372115135193
24.48439598083496 1.0604541301727295
24.41988182067871 1.0012562274932861
24.534502029418945 0.8631595969200134
24.45635986328125 0.8154699206352234
23.871299743652344 1.0453383922576904
23.725616455078125 0.9596544504165649
23.24246597290039 1.1522760391235352
23.63422966003418 1.7056784629821777
24.694292068481445 1.8786276578903198
25.86261558532715 0.6098456978797913
25.669328689575195 0.9309114217758179
25.653461456298828 1.42249596118927
24.557174682617188 1.8233942985534668
24.59331512451172 1.2473106384277344
24.010622024536133 1.3707247972488403
23.452407836914062 1.2188431024551392
22.080448150634766 0.5266456604003906
21.54960823059082 0.640997052192688
20.782758712768555 0.9349206686019897
21.327024459838867 1.000966191291809
22.350351333618164 1.2985926866531372
23.870397567749023 1.1828806400299072
25.18031883239746 1.2482876777648926
26.27821922302246 0.7196329832077026
27.418455123901367 0.9515436291694641
26.49224853515625 1.7541303634643555
26.703083038330078 1.1128308773040771
26.38862419128418 0.7809702754020691
27.282272338867188 0.8674829006195068
24.989337921142578 1.005928635597229
24.361967086791992 1.0633598566055298
22.617279052734375 0.7194992303848267
22.748056411743164 0.5063550472259521
21.68617057800293 1.2558311223983765
22.01533317565918 0.7832205891609192
22.307884216308594 0.21267713606357574
22.29404067993164 0.5265624523162842
22.22515869140625 1.886128306388855
23.094451904296875 1.2173486948013306
24.21761131286621 1.7669413089752197
25.028255462646484 1.6322031021118164
25.440704345703125 1.2472234964370728
25.54908561706543 1.5069241523742676
25.277009963989258 2.2422101497650146
25.27684783935547 1.8090863227844238
25.21559715270996 1.272183895111084
24.889013290405273 1.554956078529358
24.81724739074707 1.0721731185913086
24.617877960205078 1.7028274536132812
21.880931854248047 1.393571376800537
15.390046119689941 0.7018102407455444
10.367217063903809 -0.02831817790865898
4.612455368041992 -0.04952448979020119
0.26216810941696167 0.11090447753667831
-3.8721375465393066 -0.16571040451526642
-5.82921838760376 -0.3034536838531494
-6.846137046813965 -0.05880889296531677
-6.973345756530762 -0.30765819549560547
-5.64024019241333 -0.2600943446159363
