0 0
4.985082626342773 0.10145940631628036
6.329660415649414 0.14180578291416168
7.7301483154296875 0.09523307532072067
9.330525398254395 0.03367622569203377
10.294330596923828 0.12335605174303055
11.505884170532227 0.09555450826883316
12.207066535949707 0.10598036646842957
13.107033729553223 0.2745450437068939
14.175703048706055 0.20018813014030457
14.87197208404541 0.20662593841552734
15.93350601196289 0.23715980350971222
16.637792587280273 0.521755576133728
17.669660568237305 0.4199666380882263
18.288787841796875 0.4671923518180847
18.856481552124023 0.5291704535484314
19.509449005126953 0.503926694393158
19.7426815032959 0.652232825756073
20.48212242126465 0.6336579322814941
20.729822158813477 0.3579975664615631
21.143558502197266 0.7949904799461365
20.524038314819336 0.9995735287666321
20.23692512512207 0.30883803963661194
19.591018676757812 0.589057445526123
19.59558868408203 0.7772908806800842
19.798168182373047 0.8321748375892639
20.380340576171875 0.7497120499610901
20.985891342163086 0.9337683916091919
21.895034790039062 0.5594542026519775
22.068012237548828 0.3354659974575043
22.11423110961914 0.3290843963623047
21.983570098876953 0.7326808571815491
22.727083206176758 0.30133071541786194
22.646732330322266 0.2851598858833313
22.493886947631836 1.0748565196990967
21.290969848632812 0.9172526001930237
21.010929107666016 -0.04031810536980629
19.792543411254883 0.3679582476615906
19.766489028930664 1.2151854038238525
19.868865966796875 0.7798994183540344
20.210533142089844 0.5249631404876709
20.099546432495117 0.7728855609893799
20.337162017822266 0.7120734453201294
20.805822372436523 0.4239923357963562
21.05440902709961 0.5466227531433105
22.181976318359375 0.7532677054405212
23.36191177368164 0.8939891457557678
25.009815216064453 1.194846749305725
25.947376251220703 1.5304315090179443
26.937232971191406 1.5417084693908691
27.102575302124023 1.6510337591171265
27.144392013549805 1.224812388420105
26.691572189331055 1.4509525299072266
26.931787490844727 1.1657978296279907
25.615835189819336 1.5435677766799927
24.526187896728516 1.777280569076538
24.044071197509766 0.8631361722946167
23.01494026184082 0.4248425364494324
23.739355087280273 0.5647907853126526
23.699522018432617 1.1057941913604736
23.831050872802734 0.7545351982116699
23.129186630249023 -0.40939807891845703
22.581823348999023 -0.03599102795124054
22.67711639404297 -0.02966070920228958
23.15004539489746 -0.010958495549857616
22.634620666503906 0.3744616210460663
22.876619338989258 0.14495372772216797
22.541181564331055 0.508800745010376
23.091466903686523 0.8391780853271484
23.231449127197266 0.3465314209461212
23.485628128051758 0.42900609970092773
22.648012161254883 0.5500686764717102
22.204132080078125 0.7174839973449707
20.658185958862305 0.9411921501159668
20.1857852935791 1.1897581815719604
19.426616668701172 1.0251325368881226
19.647544860839844 0.6042579412460327
19.813447952270508 0.5835191011428833
20.220190048217773 0.7665063738822937
20.962074279785156 0.6389948725700378
21.587562561035156 0.4145408570766449
22.134937286376953 0.7883519530296326
22.987873077392578 1.0284216403961182
24.028350830078125 0.6214374899864197
24.749103546142578 0.7195393443107605
25.005226135253906 1.5024497509002686
24.39707374572754 0.8857108950614929
24.586071014404297 0.8916094303131104
24.127098083496094 0.6993979215621948
24.376806259155273 1.0235286951065063
25.087244033813477 0.7807084321975708
26.108909606933594 1.0475271940231323
26.847673416137695 1.1062654256820679
27.4804744720459 1.051369309425354
28.176799774169922 1.1852905750274658
27.73885154724121 1.3122540712356567
29.235713958740234 1.459747552871704
29.472370147705078 1.5182020664215088
27.150379180908203 1.8357865810394287
28.62074851989746 1.569068431854248
27.625045776367188 1.1959172487258911
27.256427764892578 1.5473603010177612
24.836698532104492 1.4671192169189453
24.070058822631836 0.8188921213150024
21.64613151550293 0.5624736547470093
20.735931396484375 0.5498583316802979
20.130428314208984 0.6284214854240417
20.532920837402344 0.34849879145622253
20.789043426513672 0.23390817642211914
20.941173553466797 0.10908398777246475
21.662254333496094 -0.06346108764410019
22.13764190673828 -0.2471391260623932
22.17820930480957 0.13931506872177124
21.730745315551758 0.5784695148468018
21.580411911010742 0.8445432782173157
21.510822296142578 0.5643787384033203
21.180049896240234 0.40351182222366333
21.383329391479492 0.4488447308540344
21.727142333984375 0.32784414291381836
22.240238189697266 1.0719776153564453
22.759279251098633 1.0041851997375488
23.70052719116211 0.5564152598381042
24.663007736206055 0.5938758254051208
25.738813400268555 0.6101074814796448
26.21931266784668 0.8150363564491272
26.50274085998535 1.2481080293655396
26.27547264099121 1.8805204629898071
26.513015747070312 0.9149435758590698
25.969818115234375 1.071137547492981
24.87253761291504 0.9359453320503235
24.13668441772461 2.276545524597168
23.25016212463379 2.1059107780456543
23.20863151550293 1.4368879795074463
21.67875099182129 1.0634620189666748
21.654441833496094 1.0926700830459595
21.39266014099121 1.0269359350204468
21.799514770507812 0.8331857323646545
22.496610641479492 1.3728837966918945
23.289112091064453 1.1735422611236572
25.44843864440918 0.2767377495765686
25.428953170776367 0.4341921806335449
25.936975479125977 0.20418435335159302
25.553407669067383 0.527127742767334
25.38448715209961 0.19207559525966644
24.74257469177246 0.3431259095668793
24.23408317565918 0.606116771697998
23.32041358947754 0.5224871635437012
23.601179122924805 0.18471279740333557
23.293685913085938 0.39625436067581177
23.57082176208496 1.0516871213912964
23.75988006591797 1.380202293395996
24.033966064453125 0.7850251793861389
23.702926635742188 0.7228776216506958
24.023099899291992 1.1334564685821533
23.93315315246582 1.0433323383331299
23.805614471435547 1.9221357107162476
23.642425537109375 2.1235272884368896
24.448171615600586 1.0308499336242676
24.71924591064453 0.6359409093856812
24.819320678710938 0.6288104057312012
25.046838760375977 1.0524896383285522
24.95113182067871 1.4243018627166748
25.52488136291504 1.047301173210144
24.804174423217773 -0.15244078636169434
23.311065673828125 0.0643608421087265
21.67108917236328 0.4477904736995697
20.503599166870117 0.4731857180595398
19.883533477783203 0.9738502502441406
20.080944061279297 0.7726919054985046
20.64225959777832 0.8621192574501038
20.82917022705078 0.6552044749259949
21.174381256103516 0.4469355344772339
21.395122528076172 0.7980473041534424
22.10643768310547 1.0950467586517334
22.514123916625977 1.3793376684188843
22.862812042236328 1.4302984476089478
22.955472946166992 0.7973352074623108
23.35817527770996 0.8837813138961792
22.464696884155273 0.6979087591171265
22.85213851928711 0.9053241610527039
22.7852840423584 1.4306097030639648
23.757516860961914 1.252617597579956
24.4272403717041 0.8127162456512451
25.314128875732422 -0.01683058962225914
25.463695526123047 0.6480466723442078
26.140756607055664 0.42812561988830566
26.16469383239746 1.1865931749343872
26.02499008178711 0.7544162273406982
26.57502555847168 0.4669013023376465
25.4551944732666 0.564132571220398
24.64737892150879 0.2721167206764221
24.127321243286133 0.3674893081188202
23.832368850708008 1.121148705482483
23.756174087524414 0.8193960189819336
23.8913631439209 0.5438840985298157
23.904376983642578 0.6497824788093567
23.241369247436523 0.8554246425628662
23.218233108520508 0.776079535484314
22.679834365844727 1.123120903968811
22.975250244140625 1.5383051633834839
24.15403938293457 1.646973729133606
25.089942932128906 0.5674505233764648
25.108545303344727 0.6916369795799255
24.980304718017578 0.9916581511497498
23.878189086914062 1.701635479927063
24.053409576416016 1.1295430660247803
23.313377380371094 0.9762874245643616
22.98624610900879 0.9630146622657776
21.489166259765625 0.23204247653484344
21.032339096069336 0.3396932780742645
20.340999603271484 0.7580154538154602
20.893970489501953 0.7768762707710266
21.904218673706055 1.0890820026397705
23.420263290405273 1.0222671031951904
24.78304100036621 1.1010960340499878
25.776750564575195 0.6337451934814453
27.030473709106445 0.7555567026138306
26.129262924194336 1.5823091268539429
26.494056701660156 0.9887127876281738
26.238643646240234 0.8593724966049194
26.64879035949707 0.5489615797996521
24.823020935058594 0.9966114163398743
23.94999885559082 0.902762770652771
22.368330001831055 0.6140470504760742
22.478153228759766 0.42693597078323364
21.312301635742188 1.1906828880310059
21.951581954956055 0.6408025622367859
22.068449020385742 0.19859124720096588
22.170608520507812 0.5862255692481995
21.9645938873291 1.6958212852478027
22.930944442749023 1.2423769235610962
23.951292037963867 1.4872146844863892
24.479717254638672 1.6585818529129028
25.11652183532715 1.114240288734436
24.93276596069336 1.466006875038147
24.6875057220459 2.0189664363861084
24.546049118041992 1.7652313709259033
24.549571990966797 1.1232990026474
24.216514587402344 1.3217672109603882
24.254436492919922 1.131059169769287
23.917436599731445 1.4500263929367065
21.377328872680664 1.14851713180542
15.004263877868652 0.6758455038070679
10.155734062194824 -0.12936551868915558
4.475592613220215 -0.04689891263842583
0.2588407099246979 0.07268982380628586
-3.815078020095825 -0.027425779029726982
-5.7220683097839355 -0.23215246200561523
-6.695970058441162 0.018174689263105392
-6.839822769165039 -0.2063148468732834
-5.515137672424316 -0.16315746307373047
