0 0
5.002179145812988 0.11563222110271454
6.3625688552856445 0.17819106578826904
7.7525458335876465 0.13590070605278015
9.366158485412598 0.09550096094608307
10.345623016357422 0.17889133095741272
11.544681549072266 0.1665927767753601
12.273721694946289 0.17777368426322937
13.193093299865723 0.332550585269928
14.259637832641602 0.25832778215408325
14.928447723388672 0.23583129048347473
16.020042419433594 0.29273372888565063
16.696481704711914 0.5467809438705444
17.724227905273438 0.45099472999572754
18.368776321411133 0.5193897485733032
18.91011619567871 0.5902795791625977
19.563465118408203 0.5788953304290771
19.823837280273438 0.6996439695358276
20.593978881835938 0.6547918319702148
20.83332061767578 0.45271897315979004
21.306488037109375 0.9588584899902344
20.65053939819336 1.1559720039367676
20.39476776123047 0.4401850700378418
19.680171966552734 0.6656177043914795
19.678112030029297 0.8676393628120422
19.888221740722656 0.9264206886291504
20.566621780395508 0.8426353931427002
21.07186508178711 1.0391954183578491
22.008995056152344 0.7256428599357605
22.244855880737305 0.4704229235649109
22.30099105834961 0.48673754930496216
22.23090934753418 0.786922812461853
22.83010482788086 0.40972161293029785
22.751724243164062 0.4030745327472687
22.58011817932129 1.282348394393921
21.366981506347656 1.0794086456298828
21.22911834716797 0.11287754774093628
19.94886016845703 0.5119341611862183
19.97933578491211 1.3380876779556274
20.085817337036133 0.9282171726226807
20.440330505371094 0.653059720993042
20.375877380371094 0.9141662120819092
20.580581665039062 0.8671131134033203
21.12923812866211 0.5320990085601807
21.503801345825195 0.7531119585037231
22.593093872070312 0.9375399351119995
23.713409423828125 1.0083104372024536
25.27944564819336 1.2850348949432373
26.331851959228516 1.5507423877716064
27.34762954711914 1.6661309003829956
27.36003875732422 1.721695899963379
27.383201599121094 1.313664436340332
27.11178207397461 1.4964351654052734
27.10692596435547 1.3529622554779053
26.38022232055664 1.645012617111206
24.7410888671875 1.8986018896102905
24.307275772094727 0.9387286901473999
23.551780700683594 0.42265450954437256
23.92825698852539 0.6313225030899048
23.96358871459961 1.2065200805664062
24.12251853942871 0.8078800439834595
23.37427520751953 -0.31566929817199707
22.878219604492188 0.00567398127168417
22.81985092163086 -0.0037356761749833822
23.316844940185547 0.08249742537736893
22.761016845703125 0.439123272895813
22.998390197753906 0.24011529982089996
22.668609619140625 0.5679529905319214
23.271099090576172 0.972405195236206
23.400135040283203 0.47337615489959717
23.696712493896484 0.5643696784973145
22.80933380126953 0.6149723529815674
22.339765548706055 0.7839685678482056
20.91158676147461 1.0424625873565674
20.368253707885742 1.3089823722839355
19.647567749023438 1.0854802131652832
19.825702667236328 0.6880583763122559
19.978851318359375 0.6672338247299194
20.398611068725586 0.8114058971405029
21.146629333496094 0.6962666511535645
21.801191329956055 0.48155587911605835
22.333473205566406 0.862212598323822
23.093244552612305 1.0951452255249023
24.260934829711914 0.6298036575317383
24.98202896118164 0.7075659036636353
25.123435974121094 1.576875925064087
24.694223403930664 1.0130035877227783
24.602535247802734 0.9192509055137634
24.26609230041504 0.7902740240097046
24.490367889404297 1.0696790218353271
25.155479431152344 0.8029650449752808
26.229677200317383 1.1106576919555664
27.038612365722656 1.1602128744125366
27.694198608398438 1.1288292407989502
28.69689178466797 1.3312517404556274
29.298664093017578 1.315150499343872
29.947269439697266 1.5823270082473755
30.152408599853516 1.6198596954345703
29.033435821533203 2.029853105545044
29.051746368408203 1.7921252250671387
27.82147216796875 1.3105337619781494
27.510915756225586 1.6229174137115479
25.315940856933594 1.570953130722046
24.22963523864746 0.9057204723358154
21.849422454833984 0.5723369717597961
20.920141220092773 0.6054213643074036
20.343456268310547 0.6362793445587158
20.667251586914062 0.4277104139328003
20.887134552001953 0.29819416999816895
21.19321060180664 0.18864776194095612
21.8252010345459 0.06539054214954376
22.316463470458984 -0.16288697719573975
22.32281494140625 0.23021377623081207
22.04118537902832 0.678116500377655
21.785728454589844 0.9737188816070557
21.742137908935547 0.6270711421966553
21.562089920043945 0.48463746905326843
21.64418601989746 0.5000105500221252
21.984844207763672 0.4428446292877197
22.58185577392578 1.2067346572875977
23.055511474609375 1.1187529563903809
24.1752872467041 0.7566475868225098
25.064598083496094 0.6945091485977173
25.97158432006836 0.673459529876709
26.578170776367188 0.5895320177078247
26.670166015625 1.3373222351074219
26.693641662597656 1.960278868675232
26.71100616455078 0.9546506404876709
26.265581130981445 1.1326179504394531
25.37643051147461 1.19183349609375
24.489654541015625 2.457059144973755
23.52660369873047 2.2874064445495605
23.477333068847656 1.5787146091461182
22.21076202392578 1.0174516439437866
21.858583450317383 1.1791223287582397
21.633296966552734 1.1572535037994385
22.055286407470703 0.9139775037765503
22.777236938476562 1.4409644603729248
24.07896614074707 1.3004491329193115
25.697174072265625 0.3948662281036377
25.55348014831543 0.4518571197986603
26.133907318115234 0.34839850664138794
25.89754867553711 0.6630513668060303
25.69622230529785 0.26326751708984375
25.176708221435547 0.48196572065353394
24.71730613708496 0.785283088684082
23.65362548828125 0.5208706259727478
23.902427673339844 0.22296632826328278
23.64004898071289 0.44421085715293884
24.030864715576172 1.185083031654358
24.08230972290039 1.5434162616729736
24.34393310546875 0.8841226100921631
24.227252960205078 0.8801653385162354
24.359697341918945 1.190342664718628
24.241561889648438 1.1994292736053467
24.084362030029297 2.0410714149475098
23.92213249206543 2.2773194313049316
24.701099395751953 1.1791203022003174
24.929792404174805 0.660885214805603
25.11111068725586 0.7285143733024597
25.36895751953125 0.9480206966400146
25.345294952392578 1.4417781829833984
25.736881256103516 1.1080372333526611
25.110454559326172 0.049878448247909546
23.51461410522461 0.18592539429664612
21.888126373291016 0.5780913829803467
20.723684310913086 0.5658053159713745
20.149120330810547 1.0681509971618652
20.333030700683594 0.9063048362731934
20.830768585205078 1.0202274322509766
21.19864845275879 0.8958021998405457
21.529991149902344 0.6625287532806396
21.781726837158203 0.9290425777435303
22.569168090820312 1.294992446899414
22.92776107788086 1.5345922708511353
23.313331604003906 1.5713722705841064
23.407520294189453 0.9681713581085205
23.83148765563965 1.0869694948196411
22.813034057617188 0.7623324394226074
23.120054244995117 0.9789522886276245
22.946590423583984 1.5173028707504272
23.950469970703125 1.402106761932373
24.643505096435547 0.8884745836257935
25.57207489013672 0.13054510951042175
25.625774383544922 0.6889146566390991
26.52590560913086 0.5372475385665894
26.35270118713379 1.2699165344238281
26.331527709960938 0.8531880974769592
26.678165435791016 0.542127251625061
25.600318908691406 0.6137918829917908
24.67000389099121 0.302569180727005
24.28347396850586 0.45008546113967896
24.027572631835938 1.1659586429595947
24.070220947265625 0.9712125062942505
24.34195899963379 0.6993493437767029
24.16974639892578 0.7748559713363647
23.52187728881836 0.995315670967102
23.446483612060547 0.900982141494751
22.98802375793457 1.1755621433258057
23.35839080810547 1.6519064903259277
24.413745880126953 1.74973464012146
25.556678771972656 0.6497535705566406
25.68441390991211 0.8507479429244995
25.531993865966797 1.2643314599990845
24.45654296875 1.8069087266921997
24.408512115478516 1.2794711589813232
23.59904670715332 1.1973049640655518
23.285892486572266 1.1725513935089111
21.84911346435547 0.4978771209716797
21.33313751220703 0.6074212789535522
20.507553100585938 0.8967446088790894
21.073322296142578 0.9472998380661011
22.169963836669922 1.2718111276626587
23.64944076538086 1.1532480716705322
24.954925537109375 1.1538362503051758
26.070175170898438 0.6764917373657227
27.41730308532715 0.9229927062988281
26.39236831665039 1.8285636901855469
26.700298309326172 1.1104525327682495
26.447675704956055 0.8878785371780396
26.74896240234375 0.6170644760131836
24.871217727661133 1.0876710414886475
23.97749900817871 0.9871785640716553
22.37686538696289 0.6602776050567627
22.634498596191406 0.4795686602592468
22.263378143310547 1.1142683029174805
22.457565307617188 0.7000906467437744
22.071483612060547 0.3013920485973358
22.284433364868164 0.6714401245117188
22.06386947631836 1.7215485572814941
23.02648162841797 1.3453928232192993
24.034133911132812 1.57083261013031
24.637798309326172 1.6357165575027466
25.228286743164062 1.1599514484405518
25.095706939697266 1.5078701972961426
24.96926498413086 2.291656255722046
24.851673126220703 1.815565824508667
24.78624725341797 1.2193553447723389
24.354190826416016 1.3857142925262451
24.413911819458008 1.1555509567260742
24.263813018798828 1.5569367408752441
21.76079559326172 1.364778995513916
15.124643325805664 0.688981294631958
10.299768447875977 -0.07566942274570465
4.506746768951416 -0.05839792266488075
0.2680377662181854 0.09719832241535187
-3.862637996673584 -0.140522763133049
-5.808608055114746 -0.279254674911499
-6.793044090270996 -0.03869350627064705
-6.949193477630615 -0.2826961874961853
-5.619923114776611 -0.24665942788124084
