0 0
4.993313020200845 0.126370444067453
6.3511656679101485 0.18459993051662055
7.7530948122757986 0.1502756257477143
9.357811552195836 0.11170394592406235
10.330225582491785 0.19507400438692368
11.540528213942196 0.1759407353020791
12.255297333203057 0.1820204712756358
13.154793397907852 0.33709760992406723
14.23004647652067 0.2723894901579111
14.920431347655844 0.2394818025262554
16.01324907501181 0.3038751197418885
16.708282583568614 0.5497047514550253
17.76125143765592 0.4889487776616312
18.3812594948928 0.5338208116331487
18.946130039456378 0.608354702932008
19.624088955352097 0.6094590467467109
19.839768112407764 0.7251996421877983
20.564261517951206 0.7327222483925266
20.834717763831296 0.4634693926997242
21.26035869888134 0.9369588389820747
20.62336101246287 1.1343230661949277
20.33367158274214 0.45682278387129716
19.66780554133142 0.6614518804831291
19.65924553531737 0.8750549812815831
19.877578845486564 0.926390477736107
20.44791294736955 0.8587778312920757
21.038513067178176 1.0462441836003344
21.971879625320714 0.740248205851689
22.123394479633067 0.48318445581644776
22.21715046563725 0.5056268240818592
21.976048891214734 0.8556935323787458
22.76609045415773 0.4396193478766094
22.696059892047426 0.4058621787770026
22.59849488513816 1.2381760086107352
21.398586161030803 1.0755233283045227
21.091429794613006 0.13983007991194785
19.86339638631252 0.51040547986712
19.815509491078288 1.3524392485543653
19.92204461323246 0.9091745792263386
20.263679658448112 0.6697253461612276
20.166190403068352 0.9260684412905629
20.390527643257773 0.8726935847810312
20.883595737175945 0.5686418151794763
21.255825312766117 0.7510864889044058
22.32852108775159 0.9736548013857149
23.52866416034739 1.037205402875078
25.1114018369023 1.314484407335002
26.00963322975937 1.6025836865337983
27.18925407382708 1.6442560388561582
27.27793017365386 1.7016179165553658
27.212898321139786 1.3294830568455036
26.598531804736655 1.4807685358520875
26.99398487387195 1.316497302940099
25.162415679310786 1.6336385304492742
24.635717493231468 1.8280115845097697
24.145296442203318 0.9926578210183019
23.12509858687648 0.45219137071157284
23.856375035696537 0.6609377197596505
23.85312819221816 1.2188471178272313
23.950424105312628 0.8807302269891935
23.23321346820332 -0.3182158525421917
22.59959973559117 0.0293868458223715
22.741606404806024 0.05269792617374203
23.253786529259067 0.08624520008255865
22.699627269554863 0.43769596511616976
22.962955210308916 0.2595067025255945
22.63544982595769 0.5957612998935382
23.196049027038914 0.963581679593202
23.32348449395217 0.4484313936422485
23.613248750594114 0.5698847500008972
22.718525707105393 0.6178537220155913
22.277322831265483 0.807472877559482
20.771553830586242 1.021241770287426
20.332731629199895 1.2763676846471328
19.584757924138252 1.0683464657581239
19.797043460572027 0.6929603741553252
19.93542604702838 0.6777350827072482
20.304364290563797 0.8514064262535491
21.040721722286253 0.728106809108042
21.636862247226702 0.5236004549753419
22.201506880043073 0.8794237760956517
23.046993714770412 1.1025094463800231
24.113082006003992 0.6954610836088246
24.770904591623896 0.8353498596001088
25.086834594553697 1.57400996158448
24.435915705286313 0.937382811055862
24.681383418741646 0.9611266803819232
24.1889913099903 0.7454543874939583
24.43540818984671 1.0911103194210594
25.25298408211198 0.8362913403210143
26.284164436472572 1.0950327636134514
27.060676540984442 1.168812636871238
27.666945048723502 1.0882412450536203
28.271242049972805 1.23839453338707
27.872748229121303 1.3857686400078704
29.239185000247122 1.4792709493328284
29.615583193473938 1.5338533805543233
26.654767855636496 1.837312103474658
28.753697842009235 1.6868009371970767
27.70863693843283 1.2398823932373846
27.301973375441282 1.6077145148281624
24.918464354095093 1.5205795148870105
24.200393326711577 0.912635334318789
21.69632090962781 0.6148904404125513
20.81370779538296 0.594191852624916
20.26623052119102 0.6694583485725016
20.68385348838195 0.4362511914460856
20.916012145923517 0.30666627293771953
21.088733194882085 0.19660012761438184
21.87364347860339 0.031140388646655026
22.33741124331115 -0.1701685051960703
22.342771007163936 0.24299618989415617
21.901374739155465 0.707366838057305
21.739455486434842 0.9517586332895966
21.62825322626387 0.6638943543322128
21.22155376210299 0.4808514941561888
21.49630066318352 0.5254487688322566
21.8901525526568 0.4133048451829806
22.387719075224133 1.1901594250042324
22.88635510456966 1.090205414021997
23.768580844237384 0.606365103982019
24.910748903162407 0.7234859335806227
25.952317220495704 0.7285491681234726
26.13485119864091 1.1265647932480887
26.642292948860185 1.301779100292868
26.37937394635812 1.9443403077436279
26.655199406579307 0.9867867467698151
26.11430323887936 1.1094928305997196
24.987118753622386 0.9879784588338406
24.31006582588515 2.320382045171479
23.407356804195278 2.1515545474654307
23.370600816205076 1.554383681335717
21.567573761242237 1.181856215455388
21.777820498753847 1.1505544405751391
21.479699591791007 1.0823628073217515
21.891261373806394 0.9162426435006881
22.593505897811955 1.4593034934946556
23.055616248885244 1.232010537715651
25.58923210123284 0.4150811220653605
25.54806486811071 0.5205477168626655
26.08202744281012 0.3141046840016193
25.614009270714106 0.5854058614187312
25.569987931102624 0.255482549972678
24.997037843990153 0.5349485762570709
24.49317338732333 0.7397998103542811
23.45671664348467 0.6773231274044558
23.68037418846823 0.26188200048774835
23.375770382927097 0.4565914031513848
23.805174716921456 1.1818336469731792
23.89586377071152 1.5422165844410025
24.137623461615984 0.9461452918472745
23.799743577468902 0.8397299829088773
24.103864051391305 1.2283852428465225
24.055758447113586 1.1548588586591886
23.927453281481142 1.9723576530774172
23.791279330366596 2.175536482284773
24.55590224201852 1.1626205720844576
24.787776990419996 0.7454985689012007
24.83272021459048 0.7215779740209178
25.20780344643617 1.1917513810938156
24.999876094077297 1.4819167099393753
25.607342532457036 1.1524913175894658
24.93573238266691 -0.00434635247438242
23.408691337395812 0.2075750610591962
21.76619149083162 0.5687356811210108
20.62326498066164 0.5661644439096323
19.95279509903896 1.0833355522617978
20.25331904926378 0.9328479498917339
20.759900510205703 1.0214113029743563
20.848579999407004 0.771529150582496
21.26952779995305 0.6631254688526521
21.48613649176486 0.9673428561465048
22.18033712661575 1.2524626271705028
22.597961399939617 1.5175001390820113
22.905981609824916 1.5806208796882735
22.989178945231945 1.011459005801024
23.50429030070878 1.10343288323334
22.5031585959192 0.8088950700149953
22.880390236070436 1.011459231416691
22.813322433045297 1.4983324687842083
23.793769045164193 1.388366810498996
24.441178604442342 0.945198285299863
25.33460951734852 0.1420693248195002
25.48596023283125 0.7509925450812972
26.222756532001792 0.6180261261614395
26.2428808920723 1.223496783622883
26.075810003271464 0.8158968217805682
26.72185529712094 0.559496395652509
25.544221231435447 0.6498033754050211
24.792815467223072 0.3554449775401304
24.379428539999132 0.4231044947991264
24.050950409657162 1.1605888939683953
23.967110534485155 0.9242462520672371
23.978152857834868 0.6508284690881401
24.15315990091227 0.8149457021335046
23.473099187088266 0.979676181247932
23.3985185794763 0.8870213727565353
22.772794332968747 1.196498091576204
23.21780707467455 1.6297090704338129
24.2535599704935 1.7263868973469847
25.158605189135766 0.6995317307898443
25.080573411032287 0.8952520160876201
25.064220138458463 1.203087890577087
23.771015567399964 1.7341826889371978
24.100526690619485 1.2723882415897279
23.352270623303532 1.1344684626206911
23.032286161017378 1.1706727798953867
21.52908980578356 0.4506784902559786
21.20968519215209 0.609288681105886
20.40359897933204 0.8776970018779844
20.941538653468307 0.9333466543373868
21.940577816269382 1.2697840373238194
23.423047547885414 1.1695026283448053
24.757164825948152 1.2008641125043629
25.740539663445652 0.7254165882200312
27.044348846138426 0.9165979746373564
26.088296550350652 1.5807675933083254
26.501567401001648 1.1087399502538888
26.239236593308146 0.9066929516253337
26.770400989211986 0.6884853038504675
24.869091222523224 1.0763426087748913
24.01300486413201 0.9843713943779053
22.42246724914786 0.6613932869783139
22.507833780720237 0.5143475826549672
20.96276865707123 1.317159072371588
21.71178785768474 0.6641587038949619
22.17393988500406 0.2314777649650912
22.251362252759158 0.6386468971043635
22.010422666388067 1.7555422129425533
23.010822704433224 1.2608897808076245
24.093128609494812 1.5924493620821738
24.52123479106783 1.7123018794615423
25.19993268616897 1.126647001316869
24.954448374647377 1.575458611880127
24.844261112505876 2.0453498173959535
24.654478170738006 1.8039131722358732
24.724899830288535 1.2280849622840577
24.39435968149848 1.3515122107480702
24.463942967104995 1.1792308638390572
24.17825192060138 1.502448963680137
21.59066130528034 1.4011583615286884
15.002614463601688 0.664212688038588
10.129649771643141 -0.010187562835261676
4.479855695671612 -0.08346165261951399
0.2707409914015583 0.08602427553144851
-3.8291896534586387 -0.13918026154436802
-5.725755668661385 -0.3153893494869012
-6.702364540987431 -0.04835208946151898
-6.848975399420559 -0.3141465893290514
-5.549055425712451 -0.22549762157264586
